[485, 134, 0];0
[460, 134, -4];0
[435, 130, -8];0
[410, 122, -12];0
[385, 110, -16];0
[360, 94, -20];0
[335, 74, -24];0
[310, 50, -28];1
[285, 59, 5];0
[260, 64, 1];0
[235, 65, -3];0
[210, 62, -7];0
[185, 55, -11];0
[160, 44, -15];0
[135, 29, -19];1
[110, 49, 16];0
[85, 65, 12];0
[60, 77, 8];0
[35, 85, 4];0
[10, 89, 0];0
[-15, 89, -4];0
[-40, 85, -8];0
[-65, 77, -12];0
[-90, 65, -16];0
[-115, 49, -20];1
[460, 63, 8];0
[435, 71, 4];0
[410, 75, 0];0
[385, 75, -4];0
[360, 71, -8];0
[335, 63, -12];0
[310, 51, -16];1
[285, 69, 14];0
[260, 83, 10];0
[235, 93, 6];0
[210, 99, 2];0
[185, 101, -2];0
[160, 99, -6];0
[135, 93, -10];0
[110, 83, -14];0
[85, 69, -18];0
[60, 51, -22];1
[35, 62, 7];0
[10, 69, 3];0
[-15, 72, -1];0
[-40, 71, -5];0
[-65, 66, -9];0
[-90, 57, -13];1
[-115, 76, 15];0
[460, 87, 11];0
[435, 98, 7];0
[410, 105, 3];0
[385, 108, -1];0
[360, 107, -5];0
[335, 102, -9];0
[310, 93, -13];0
[285, 80, -17];0
[260, 63, -21];0
[235, 42, -25];1
[210, 53, 7];0
[185, 60, 3];0
[160, 63, -1];0
[135, 62, -5];0
[110, 57, -9];0
[85, 48, -13];0
[60, 35, -17];1
[35, 50, 11];0
[10, 61, 7];0
[-15, 68, 3];0
[-40, 71, -1];0
[-65, 70, -5];0
[-90, 65, -9];0
[-115, 56, -13];1
[460, 73, 17];0
[435, 90, 13];0
[410, 103, 9];0
[385, 112, 5];0
[360, 117, 1];0
[335, 118, -3];0
[310, 115, -7];0
[285, 108, -11];0
[260, 97, -15];0
[235, 82, -19];0
[210, 63, -23];1
[185, 77, 10];0
[160, 87, 6];0
[135, 93, 2];0
[110, 95, -2];0
[85, 93, -6];0
[60, 87, -10];0
[35, 77, -14];0
[10, 63, -18];1
[-15, 80, 13];0
[-40, 93, 9];0
[-65, 102, 5];0
[-90, 107, 1];0
[-115, 108, -3];0
[460, 70, -7];0
[435, 63, -11];0
[410, 52, -15];0
[385, 37, -19];0
[360, 18, -23];1
[335, 43, 21];0
[310, 64, 17];0
[285, 81, 13];0
[260, 94, 9];0
[235, 103, 5];0
[210, 108, 1];0
[185, 109, -3];0
[160, 106, -7];0
[135, 99, -11];0
[110, 88, -15];0
[85, 73, -19];0
[60, 54, -23];1
[35, 67, 9];0
[10, 76, 5];0
[-15, 81, 1];0
[-40, 82, -3];0
[-65, 79, -7];0
[-90, 72, -11];0
[-115, 61, -15];0
[460, 67, -19];0
[435, 48, -23];0
[410, 25, -27];1
[385, 35, 6];0
[360, 41, 2];0
[335, 43, -2];0
[310, 41, -6];0
[285, 35, -10];1
[260, 56, 17];0
[235, 73, 13];0
[210, 86, 9];0
[185, 95, 5];0
[160, 100, 1];0
[135, 101, -3];0
[110, 98, -7];0
[85, 91, -11];0
[60, 80, -15];0
[35, 65, -19];0
[10, 46, -23];1
[-15, 55, 5];0
[-40, 60, 1];0
[-65, 61, -3];0
[-90, 58, -7];0
[-115, 51, -11];0
[460, 54, -15];0
[435, 39, -19];0
[410, 20, -23];1
[385, 33, 9];0
[360, 42, 5];0
[335, 47, 1];0
[310, 48, -3];0
[285, 45, -7];1
[260, 56, 7];0
[235, 63, 3];0
[210, 66, -1];0
[185, 65, -5];0
[160, 60, -9];0
[135, 51, -13];1
[110, 63, 8];0
[85, 71, 4];0
[60, 75, 0];0
[35, 75, -4];0
[10, 71, -8];0
[-15, 63, -12];0
[-40, 51, -16];1
[-65, 64, 9];0
[-90, 73, 5];0
[-115, 78, 1];0
[460, 40, -3];0
[435, 37, -7];0
[410, 30, -11];0
[385, 19, -15];1
[360, 38, 15];0
[335, 53, 11];0
[310, 64, 7];0
[285, 71, 3];0
[260, 74, -1];0
[235, 73, -5];0
[210, 68, -9];0
[185, 59, -13];1
[160, 76, 13];0
[135, 89, 9];0
[110, 98, 5];0
[85, 103, 1];0
[60, 104, -3];0
[35, 101, -7];0
[10, 94, -11];0
[-15, 83, -15];0
[-40, 68, -19];0
[-65, 49, -23];1
[-90, 66, 13];0
[-115, 79, 9];0
[460, 68, 5];0
[435, 73, 1];0
[410, 74, -3];0
[385, 71, -7];0
[360, 64, -11];0
[335, 53, -15];0
[310, 38, -19];1
[285, 53, 11];0
[260, 64, 7];0
[235, 71, 3];0
[210, 74, -1];0
[185, 73, -5];0
[160, 68, -9];0
[135, 59, -13];0
[110, 46, -17];1
[85, 53, 3];0
[60, 56, -1];0
[35, 55, -5];0
[10, 50, -9];0
[-15, 41, -13];0
[-40, 28, -17];0
[-65, 11, -21];1
[-90, 28, 13];0
[-115, 41, 9];0
[460, 96, 5];0
[435, 101, 1];0
[410, 102, -3];0
[385, 99, -7];0
[360, 92, -11];0
[335, 81, -15];0
[310, 66, -19];0
[285, 47, -23];1
[260, 59, 8];0
[235, 67, 4];0
[210, 71, 0];0
[185, 71, -4];0
[160, 67, -8];0
[135, 59, -12];0
[110, 47, -16];0
[85, 31, -20];1
[60, 44, 9];0
[35, 53, 5];0
[10, 58, 1];0
[-15, 59, -3];0
[-40, 56, -7];0
[-65, 49, -11];0
[-90, 38, -15];1
[-115, 41, -1];0
[460, -1, -5];0
[435, -6, -9];0
[410, -15, -13];0
[385, -28, -17];1
[360, -10, 14];1
[335, 3, 9];0
[310, 12, 5];0
[285, 17, 1];0
[260, 18, -3];1
[235, 24, 2];0
[210, 26, -2];0
[185, 24, -6];0
[160, 18, -10];1
[135, 34, 12];0
[110, 46, 8];0
[85, 54, 4];0
[60, 58, 0];0
[35, 58, -4];0
[10, 54, -8];0
[-15, 46, -12];0
[-40, 34, -16];1
[-65, 46, 8];0
[-90, 54, 4];0
[-115, 58, 0];0
[460, 172, -4];0
[435, 168, -8];0
[410, 160, -12];0
[385, 148, -16];0
[360, 132, -20];0
[335, 112, -24];0
[310, 88, -28];0
[285, 60, -32];1
[260, 76, 12];0
[235, 88, 8];0
[210, 96, 4];0
[185, 100, 0];0
[160, 100, -4];0
[135, 96, -8];0
[110, 88, -12];1
[85, 114, 22];0
[60, 136, 18];0
[35, 154, 14];0
[10, 168, 10];0
[-15, 178, 6];0
[-40, 184, 2];0
[-65, 186, -2];0
[-90, 184, -6];0
[-115, 178, -10];0
[460, 88, -14];0
[435, 74, -18];0
[410, 56, -22];0
[385, 34, -26];1
[360, 48, 10];0
[335, 58, 6];0
[310, 64, 2];0
[285, 66, -2];0
[260, 64, -6];0
[235, 58, -10];0
[210, 48, -14];1
[185, 64, 12];0
[160, 76, 8];0
[135, 84, 4];0
[110, 88, 0];0
[85, 88, -4];0
[60, 84, -8];0
[35, 76, -12];0
[10, 64, -16];0
[-15, 48, -20];0
[-40, 28, -24];1
[-65, 38, 6];0
[-90, 44, 2];0
[-115, 46, -2];0
[460, 102, -6];0
[435, 96, -10];0
[410, 86, -14];1
[385, 95, 5];0
[360, 100, 1];0
[335, 101, -3];0
[310, 98, -7];0
[285, 91, -11];0
[260, 80, -15];0
[235, 65, -19];1
[210, 85, 16];0
[185, 101, 12];0
[160, 113, 8];0
[135, 121, 4];0
[110, 125, 0];0
[85, 125, -4];0
[60, 121, -8];0
[35, 113, -12];0
[10, 101, -16];0
[-15, 85, -20];1
[-40, 97, 8];0
[-65, 105, 4];0
[-90, 109, 0];0
[-115, 109, -4];0
[460, 63, -8];0
[435, 55, -12];0
[410, 43, -16];1
[385, 65, 18];0
[360, 83, 14];0
[335, 97, 10];0
[310, 107, 6];0
[285, 113, 2];0
[260, 115, -2];0
[235, 113, -6];0
[210, 107, -10];0
[185, 97, -14];0
[160, 83, -18];1
[135, 98, 11];0
[110, 109, 7];0
[85, 116, 3];0
[60, 119, -1];0
[35, 118, -5];0
[10, 113, -9];0
[-15, 104, -13];0
[-40, 91, -17];0
[-65, 74, -21];0
[-90, 53, -25];1
[-115, 70, 13];0
[460, 88, 9];0
[435, 97, 5];0
[410, 102, 1];0
[385, 103, -3];0
[360, 100, -7];0
[335, 93, -11];0
[310, 82, -15];0
[285, 67, -19];0
[260, 48, -23];1
[235, 69, 17];0
[210, 86, 13];0
[185, 99, 9];0
[160, 108, 5];0
[135, 113, 1];0
[110, 114, -3];0
[85, 111, -7];0
[60, 104, -11];0
[35, 93, -15];0
[10, 78, -19];0
[-15, 59, -23];1
[-40, 72, 9];0
[-65, 81, 5];0
[-90, 86, 1];0
[-115, 87, -3];0
[460, 137, -7];0
[435, 130, -11];0
[410, 119, -15];1
[385, 126, 3];0
[360, 129, -1];0
[335, 128, -5];0
[310, 123, -9];0
[285, 114, -13];0
[260, 101, -17];0
[235, 84, -21];0
[210, 63, -25];1
[185, 75, 8];0
[160, 83, 4];0
[135, 87, 0];0
[110, 87, -4];0
[85, 83, -8];1
[60, 99, 12];0
[35, 111, 8];0
[10, 119, 4];0
[-15, 123, 0];0
[-40, 123, -4];0
[-65, 119, -8];0
[-90, 111, -12];0
[-115, 99, -16];0
[460, 23, -20];0
[435, 3, -24];1
[410, 13, 6];0
[385, 19, 2];0
[360, 21, -2];0
[335, 19, -6];1
[310, 32, 9];0
[285, 41, 5];1
[260, 60, 15];0
[235, 75, 11];0
[210, 86, 7];0
[185, 93, 3];0
[160, 96, -1];0
[135, 95, -5];0
[110, 90, -9];0
[85, 81, -13];0
[60, 68, -17];0
[35, 51, -21];1
[10, 64, 9];0
[-15, 73, 5];0
[-40, 78, 1];0
[-65, 79, -3];0
[-90, 76, -7];0
[-115, 69, -11];0
[460, 47, -15];0
[435, 32, -19];1
[410, 49, 13];0
[385, 62, 9];0
[360, 71, 5];0
[335, 76, 1];0
[310, 77, -3];0
[285, 74, -7];0
[260, 67, -11];0
[235, 56, -15];1
[210, 71, 11];0
[185, 82, 7];0
[160, 89, 3];0
[135, 92, -1];0
[110, 91, -5];0
[85, 86, -9];0
[60, 77, -13];0
[35, 64, -17];0
[10, 47, -21];1
[-15, 65, 14];0
[-40, 79, 10];0
[-65, 89, 6];0
[-90, 95, 2];0
[-115, 97, -2];0
[460, 70, -6];0
[435, 64, -10];0
[410, 54, -14];0
[385, 40, -18];1
[360, 50, 6];0
[335, 56, 2];0
[310, 58, -2];0
[285, 56, -6];0
[260, 50, -10];0
[235, 40, -14];1
[210, 53, 9];0
[185, 62, 5];0
[160, 67, 1];0
[135, 68, -3];0
[110, 65, -7];0
[85, 58, -11];1
[60, 69, 7];0
[35, 76, 3];0
[10, 79, -1];0
[-15, 78, -5];0
[-40, 73, -9];0
[-65, 64, -13];0
[-90, 51, -17];0
[-115, 34, -21];0
[460, 101, -25];0
[435, 76, -29];0
[410, 47, -33];1
[385, 62, 11];0
[360, 73, 7];0
[335, 80, 3];0
[310, 83, -1];0
[285, 82, -5];0
[260, 77, -9];0
[235, 68, -13];1
[210, 86, 14];0
[185, 100, 10];0
[160, 110, 6];0
[135, 116, 2];0
[110, 118, -2];0
[85, 116, -6];0
[60, 110, -10];0
[35, 100, -14];0
[10, 86, -18];1
[-15, 107, 17];0
[-40, 124, 13];0
[-65, 137, 9];0
[-90, 146, 5];0
[-115, 151, 1];0
[460, 97, -3];0
[435, 94, -7];0
[410, 87, -11];0
[385, 76, -15];0
[360, 61, -19];0
[335, 42, -23];1
[310, 57, 11];0
[285, 68, 7];0
[260, 75, 3];0
[235, 78, -1];0
[210, 77, -5];0
[185, 72, -9];0
[160, 63, -13];0
[135, 50, -17];0
[110, 33, -21];0
[85, 12, -25];1
[60, 26, 10];0
[35, 36, 6];0
[10, 42, 2];0
[-15, 44, -2];0
[-40, 42, -6];0
[-65, 36, -10];1
[-90, 62, 22];0
[-115, 84, 18];0
[460, 85, 14];0
[435, 99, 10];0
[410, 109, 6];0
[385, 115, 2];0
[360, 117, -2];0
[335, 115, -6];0
[310, 109, -10];0
[285, 99, -14];0
[260, 85, -18];0
[235, 67, -22];1
[210, 81, 10];0
[185, 91, 6];0
[160, 97, 2];0
[135, 99, -2];0
[110, 97, -6];0
[85, 91, -10];0
[60, 81, -14];0
[35, 67, -18];1
[10, 80, 9];0
[-15, 89, 5];0
[-40, 94, 1];0
[-65, 95, -3];0
[-90, 92, -7];0
[-115, 85, -11];0
[460, 51, -15];0
[435, 36, -19];0
[410, 17, -23];1
[385, 38, 17];0
[360, 55, 13];0
[335, 68, 9];0
[310, 77, 5];0
[285, 82, 1];0
[260, 83, -3];0
[235, 80, -7];0
[210, 73, -11];0
[185, 62, -15];0
[160, 47, -19];1
[135, 63, 12];0
[110, 75, 8];0
[85, 83, 4];0
[60, 87, 0];0
[35, 87, -4];0
[10, 83, -8];0
[-15, 75, -12];0
[-40, 63, -16];0
[-65, 47, -20];1
[-90, 65, 14];0
[-115, 79, 10];0
[460, 189, 6];0
[435, 195, 2];0
[410, 197, -2];0
[385, 195, -6];0
[360, 189, -10];0
[335, 179, -14];0
[310, 165, -18];0
[285, 147, -22];0
[260, 125, -26];0
[235, 99, -30];0
[210, 69, -34];1
[185, 80, 7];0
[160, 87, 3];0
[135, 90, -1];0
[110, 89, -5];0
[85, 84, -9];0
[60, 75, -13];1
[35, 96, 17];0
[10, 113, 13];0
[-15, 126, 9];0
[-40, 135, 5];0
[-65, 140, 1];0
[-90, 141, -3];0
[-115, 138, -7];0
[460, 34, -11];0
[435, 23, -15];0
[410, 8, -19];1
[385, 19, 7];0
[360, 26, 3];0
[335, 29, -1];0
[310, 28, -5];0
[285, 23, -9];1
[260, 34, 7];0
[235, 41, 3];0
[210, 44, -1];0
[185, 43, -5];0
[160, 38, -9];1
[135, 50, 8];0
[110, 58, 4];0
[85, 62, 0];0
[60, 62, -4];0
[35, 58, -8];0
[10, 50, -12];0
[-15, 38, -16];0
[-40, 22, -20];0
[-65, 2, -24];1
[-90, 22, 16];0
[-115, 38, 12];0
[460, 30, 8];0
[435, 38, 4];0
[410, 42, 0];0
[385, 42, -4];0
[360, 38, -8];0
[335, 30, -12];1
[310, 53, 19];0
[285, 72, 15];0
[260, 87, 11];0
[235, 98, 7];0
[210, 105, 3];0
[185, 108, -1];0
[160, 107, -5];0
[135, 102, -9];0
[110, 93, -13];0
[85, 80, -17];0
[60, 63, -21];0
[35, 42, -25];1
[10, 60, 14];0
[-15, 74, 10];0
[-40, 84, 6];0
[-65, 90, 2];0
[-90, 92, -2];0
[-115, 90, -6];0
[460, 88, -10];0
[435, 78, -14];0
[410, 64, -18];0
[385, 46, -22];1
[360, 58, 8];0
[335, 66, 4];0
[310, 70, 0];0
[285, 70, -4];0
[260, 66, -8];0
[235, 58, -12];0
[210, 46, -16];1
[185, 57, 7];0
[160, 64, 3];0
[135, 67, -1];0
[110, 66, -5];0
[85, 61, -9];0
[60, 52, -13];0
[35, 39, -17];0
[10, 22, -21];1
[-15, 42, 16];0
[-40, 58, 12];0
[-65, 70, 8];0
[-90, 78, 4];0
[-115, 82, 0];0
[460, 177, -4];0
[435, 173, -8];0
[410, 165, -12];0
[385, 153, -16];0
[360, 137, -20];0
[335, 117, -24];0
[310, 93, -28];0
[285, 65, -32];1
[260, 73, 4];0
[235, 77, 0];0
[210, 77, -4];0
[185, 73, -8];0
[160, 65, -12];1
[135, 80, 11];0
[110, 91, 7];0
[85, 98, 3];0
[60, 101, -1];0
[35, 100, -5];0
[10, 95, -9];0
[-15, 86, -13];1
[-40, 95, 5];0
[-65, 100, 1];0
[-90, 101, -3];0
[-115, 98, -7];0
[460, 107, -11];0
[435, 96, -15];1
[410, 117, 17];0
[385, 134, 13];0
[360, 147, 9];0
[335, 156, 5];0
[310, 161, 1];0
[285, 162, -3];0
[260, 159, -7];0
[235, 152, -11];0
[210, 141, -15];0
[185, 126, -19];0
[160, 107, -23];0
[135, 84, -27];0
[110, 57, -31];1
[85, 65, 4];0
[60, 69, 0];0
[35, 69, -4];0
[10, 65, -8];0
[-15, 57, -12];1
[-40, 74, 13];0
[-65, 87, 9];0
[-90, 96, 5];0
[-115, 101, 1];0
[460, 106, -3];0
[435, 103, -7];0
[410, 96, -11];0
[385, 85, -15];1
[360, 98, 9];0
[335, 107, 5];0
[310, 112, 1];0
[285, 113, -3];0
[260, 110, -7];0
[235, 103, -11];0
[210, 92, -15];0
[185, 77, -19];0
[160, 58, -23];1
[135, 74, 12];0
[110, 86, 8];0
[85, 94, 4];0
[60, 98, 0];0
[35, 98, -4];0
[10, 94, -8];0
[-15, 86, -12];1
[-40, 105, 15];0
[-65, 120, 11];0
[-90, 131, 7];0
[-115, 138, 3];0
[460, 130, -1];0
[435, 129, -5];0
[410, 124, -9];0
[385, 115, -13];0
[360, 102, -17];0
[335, 85, -21];0
[310, 64, -25];1
[285, 87, 19];0
[260, 106, 15];0
[235, 121, 11];0
[210, 132, 7];0
[185, 139, 3];0
[160, 142, -1];0
[135, 141, -5];0
[110, 136, -9];0
[85, 127, -13];0
[60, 114, -17];0
[35, 97, -21];0
[10, 76, -25];1
[-15, 93, 13];0
[-40, 106, 9];0
[-65, 115, 5];0
[-90, 120, 1];0
[-115, 121, -3];0
[460, 71, -7];0
[435, 64, -11];0
[410, 53, -15];0
[385, 38, -19];1
[360, 56, 14];0
[335, 70, 10];0
[310, 80, 6];0
[285, 86, 2];0
[260, 88, -2];0
[235, 86, -6];0
[210, 80, -10];0
[185, 70, -14];0
[160, 56, -18];1
[135, 66, 6];0
[110, 72, 2];0
[85, 74, -2];0
[60, 72, -6];0
[35, 66, -10];0
[10, 56, -14];1
[-15, 71, 11];0
[-40, 82, 7];0
[-65, 89, 3];0
[-90, 92, -1];0
[-115, 91, -5];0
[460, 145, -9];0
[435, 136, -13];0
[410, 123, -17];0
[385, 106, -21];0
[360, 85, -25];0
[335, 60, -29];1
[310, 72, 8];0
[285, 80, 4];0
[260, 84, 0];0
[235, 84, -4];0
[210, 80, -8];0
[185, 72, -12];1
[160, 88, 12];0
[135, 100, 8];0
[110, 108, 4];0
[85, 112, 0];0
[60, 112, -4];0
[35, 108, -8];0
[10, 100, -12];1
[-15, 122, 18];0
[-40, 140, 14];0
[-65, 154, 10];0
[-90, 164, 6];0
[-115, 170, 2];0
[460, 108, -2];0
[435, 106, -6];0
[410, 100, -10];0
[385, 90, -14];0
[360, 76, -18];1
[335, 90, 10];0
[310, 100, 6];0
[285, 106, 2];0
[260, 108, -2];0
[235, 106, -6];0
[210, 100, -10];0
[185, 90, -14];0
[160, 76, -18];1
[135, 93, 13];0
[110, 106, 9];0
[85, 115, 5];0
[60, 120, 1];0
[35, 121, -3];0
[10, 118, -7];0
[-15, 111, -11];0
[-40, 100, -15];0
[-65, 85, -19];0
[-90, 66, -23];0
[-115, 43, -27];1
[460, 21, 15];0
[435, 36, 11];0
[410, 47, 7];0
[385, 54, 3];0
[360, 57, -1];0
[335, 56, -5];0
[310, 51, -9];0
[285, 42, -13];1
[260, 56, 10];0
[235, 66, 6];0
[210, 72, 2];0
[185, 74, -2];0
[160, 72, -6];1
[135, 84, 8];0
[110, 92, 4];0
[85, 96, 0];0
[60, 96, -4];0
[35, 92, -8];0
[10, 84, -12];0
[-15, 72, -16];0
[-40, 56, -20];0
[-65, 36, -24];0
[-90, 12, -28];1
[-115, 30, 14];0
[460, 152, 10];0
[435, 162, 6];0
[410, 168, 2];0
[385, 170, -2];0
[360, 168, -6];0
[335, 162, -10];0
[310, 152, -14];0
[285, 138, -18];0
[260, 120, -22];0
[235, 98, -26];0
[210, 72, -30];0
[185, 42, -34];1
[160, 60, 14];0
[135, 74, 10];0
[110, 84, 6];0
[85, 90, 2];0
[60, 92, -2];0
[35, 90, -6];0
[10, 84, -10];1
[-15, 94, 6];0
[-40, 100, 2];0
[-65, 102, -2];0
[-90, 100, -6];0
[-115, 94, -10];0
[460, 66, -14];1
[435, 75, 5];0
[410, 80, 1];0
[385, 81, -3];0
[360, 78, -7];0
[335, 71, -11];0
[310, 60, -15];0
[285, 45, -19];1
[260, 62, 13];0
[235, 75, 9];0
[210, 84, 5];0
[185, 89, 1];0
[160, 90, -3];0
[135, 87, -7];0
[110, 80, -11];0
[85, 69, -15];1
[60, 83, 10];0
[35, 93, 6];0
[10, 99, 2];0
[-15, 101, -2];0
[-40, 99, -6];0
[-65, 93, -10];0
[-90, 83, -14];0
[-115, 69, -18];0
[460, 53, -22];1
[435, 64, 7];0
[410, 71, 3];0
[385, 74, -1];0
[360, 73, -5];0
[335, 68, -9];0
[310, 59, -13];0
[285, 46, -17];1
[260, 58, 8];0
[235, 66, 4];0
[210, 70, 0];0
[185, 70, -4];0
[160, 66, -8];0
[135, 58, -12];0
[110, 46, -16];1
[85, 56, 6];0
[60, 62, 2];0
[35, 64, -2];0
[10, 62, -6];0
[-15, 56, -10];1
[-40, 72, 12];0
[-65, 84, 8];0
[-90, 92, 4];0
[-115, 96, 0];0
[460, 31, -4];0
[435, 27, -8];0
[410, 19, -12];0
[385, 7, -16];1
[360, 19, 8];0
[335, 27, 4];0
[310, 31, 0];0
[285, 31, -4];0
[260, 27, -8];1
[235, 41, 10];0
[210, 51, 6];0
[185, 57, 2];0
[160, 59, -2];0
[135, 57, -6];0
[110, 51, -10];1
[85, 63, 8];0
[60, 71, 4];0
[35, 75, 0];0
[10, 75, -4];0
[-15, 71, -8];0
[-40, 63, -12];0
[-65, 51, -16];0
[-90, 35, -20];0
[-115, 15, -24];1
[460, 108, 10];0
[435, 118, 6];0
[410, 124, 2];0
[385, 126, -2];0
[360, 124, -6];0
[335, 118, -10];0
[310, 108, -14];0
[285, 94, -18];0
[260, 76, -22];0
[235, 54, -26];1
[210, 66, 8];0
[185, 74, 4];0
[160, 78, 0];0
[135, 78, -4];0
[110, 74, -8];0
[85, 66, -12];1
[60, 88, 18];0
[35, 106, 14];0
[10, 120, 10];0
[-15, 130, 6];0
[-40, 136, 2];0
[-65, 138, -2];0
[-90, 136, -6];0
[-115, 130, -10];0
[460, 26, -14];0
[435, 12, -18];0
[410, -6, -22];1
[385, 10, 12];0
[360, 22, 8];0
[335, 30, 4];0
[310, 34, 0];1
[285, 49, 11];0
[260, 60, 7];0
[235, 67, 3];0
[210, 70, -1];0
[185, 69, -5];0
[160, 64, -9];0
[135, 55, -13];0
[110, 42, -17];1
[85, 61, 15];0
[60, 76, 11];0
[35, 87, 7];0
[10, 94, 3];0
[-15, 97, -1];0
[-40, 96, -5];0
[-65, 91, -9];0
[-90, 82, -13];0
[-115, 69, -17];0
[460, 83, -21];0
[435, 62, -25];0
[410, 37, -29];1
[385, 59, 18];0
[360, 77, 14];0
[335, 91, 10];0
[310, 101, 6];0
[285, 107, 2];0
[260, 109, -2];0
[235, 107, -6];0
[210, 101, -10];0
[185, 91, -14];0
[160, 77, -18];1
[135, 88, 7];0
[110, 95, 3];0
[85, 98, -1];0
[60, 97, -5];0
[35, 92, -9];0
[10, 83, -13];0
[-15, 70, -17];0
[-40, 53, -21];1
[-65, 62, 5];0
[-90, 67, 1];0
[-115, 68, -3];0
[460, 73, -7];0
[435, 66, -11];0
[410, 55, -15];0
[385, 40, -19];1
[360, 52, 8];0
[335, 60, 4];0
[310, 64, 0];0
[285, 64, -4];0
[260, 60, -8];0
[235, 52, -12];1
[210, 64, 8];0
[185, 72, 4];0
[160, 76, 0];0
[135, 76, -4];0
[110, 72, -8];0
[85, 64, -12];0
[60, 52, -16];1
[35, 62, 6];0
[10, 68, 2];0
[-15, 70, -2];0
[-40, 68, -6];0
[-65, 62, -10];0
[-90, 52, -14];0
[-115, 38, -18];1
[460, 24, 14];0
[435, 38, 10];0
[410, 48, 6];0
[385, 54, 2];0
[360, 56, -2];0
[335, 54, -6];0
[310, 48, -10];0
[285, 38, -14];1
[260, 53, 11];0
[235, 64, 7];0
[210, 71, 3];0
[185, 74, -1];0
[160, 73, -5];0
[135, 68, -9];0
[110, 59, -13];0
[85, 46, -17];1
[60, 59, 9];0
[35, 68, 5];0
[10, 73, 1];0
[-15, 74, -3];0
[-40, 71, -7];0
[-65, 64, -11];0
[-90, 53, -15];1
[-115, 70, 13];0
[485, 61, 9];0
[460, 70, 5];0
[435, 75, 1];0
[410, 76, -3];0
[385, 73, -7];0
[360, 66, -11];0
[335, 55, -15];0
[310, 40, -19];1
[285, 56, 12];0
[260, 68, 8];0
[235, 76, 4];0
[210, 80, 0];0
[185, 80, -4];0
[160, 76, -8];0
[135, 68, -12];0
[110, 56, -16];1
[85, 67, 7];0
[60, 74, 3];0
[35, 77, -1];0
[10, 76, -5];0
[-15, 71, -9];0
[-40, 62, -13];0
[-65, 49, -17];0
[-90, 32, -21];0
[-115, 11, -25];1
[460, 121, 9];0
[435, 130, 5];0
[410, 135, 1];0
[385, 136, -3];0
[360, 133, -7];0
[335, 126, -11];0
[310, 115, -15];0
[285, 100, -19];0
[260, 81, -23];0
[235, 58, -27];1
[210, 74, 12];0
[185, 86, 8];0
[160, 94, 4];0
[135, 98, 0];0
[110, 98, -4];0
[85, 94, -8];0
[60, 86, -12];0
[35, 74, -16];1
[10, 89, 11];0
[-15, 100, 7];0
[-40, 107, 3];0
[-65, 110, -1];0
[-90, 109, -5];0
[-115, 104, -9];0
[460, 8, -13];0
[435, -5, -17];0
[410, -22, -21];1
[385, -2, 16];0
[360, 14, 12];0
[335, 26, 8];1
[310, 41, 11];0
[285, 52, 7];0
[260, 59, 3];0
[235, 62, -1];0
[210, 61, -5];0
[185, 56, -9];1
[160, 67, 7];0
[135, 74, 3];0
[110, 77, -1];0
[85, 76, -5];0
[60, 71, -9];0
[35, 62, -13];0
[10, 49, -17];0
[-15, 32, -21];0
[-40, 11, -25];1
[-65, 36, 21];0
[-90, 57, 17];0
[-115, 74, 13];0
[460, 97, 9];0
[435, 106, 5];0
[410, 111, 1];0
[385, 112, -3];0
[360, 109, -7];0
[335, 102, -11];0
[310, 91, -15];0
[285, 76, -19];1
[260, 92, 12];0
[235, 104, 8];0
[210, 112, 4];0
[185, 116, 0];0
[160, 116, -4];0
[135, 112, -8];0
[110, 104, -12];0
[85, 92, -16];0
[60, 76, -20];0
[35, 56, -24];0
[10, 32, -28];1
[-15, 47, 11];0
[-40, 58, 7];0
[-65, 65, 3];0
[-90, 68, -1];0
[-115, 67, -5];0
[460, 110, -9];0
[435, 101, -13];0
[410, 88, -17];1
[385, 108, 16];0
[360, 124, 12];0
[335, 136, 8];0
[310, 144, 4];0
[285, 148, 0];0
[260, 148, -4];0
[235, 144, -8];0
[210, 136, -12];0
[185, 124, -16];0
[160, 108, -20];0
[135, 88, -24];0
[110, 64, -28];1
[85, 83, 15];0
[60, 98, 11];0
[35, 109, 7];0
[10, 116, 3];0
[-15, 119, -1];0
[-40, 118, -5];0
[-65, 113, -9];0
[-90, 104, -13];0
[-115, 91, -17];0
[460, -6, -21];1
[435, 2, 4];0
[410, 6, 0];0
[385, 6, -4];0
[360, 2, -8];0
[335, -6, -12];1
[310, 6, 8];0
[285, 14, 4];0
[260, 18, 0];1
[235, 35, 13];0
[210, 48, 9];1
[185, 65, 13];0
[160, 78, 9];0
[135, 87, 5];0
[110, 92, 1];0
[85, 93, -3];0
[60, 90, -7];0
[35, 83, -11];0
[10, 72, -15];0
[-15, 57, -19];0
[-40, 38, -23];1
[-65, 48, 6];0
[-90, 54, 2];0
[-115, 56, -2];0
[460, 75, -6];0
[435, 69, -10];0
[410, 59, -14];0
[385, 45, -18];1
[360, 55, 6];0
[335, 61, 2];0
[310, 63, -2];0
[285, 61, -6];0
[260, 55, -10];0
[235, 45, -14];1
[210, 56, 7];0
[185, 63, 3];0
[160, 66, -1];0
[135, 65, -5];0
[110, 60, -9];0
[85, 51, -13];1
[60, 62, 7];0
[35, 69, 3];0
[10, 72, -1];0
[-15, 71, -5];0
[-40, 66, -9];0
[-65, 57, -13];0
[-90, 44, -17];1
[-115, 61, 13];0
[460, 156, 9];0
[435, 165, 5];0
[410, 170, 1];0
[385, 171, -3];0
[360, 168, -7];0
[335, 161, -11];0
[310, 150, -15];0
[285, 135, -19];0
[260, 116, -23];0
[235, 93, -27];0
[210, 66, -31];1
[185, 80, 10];0
[160, 90, 6];0
[135, 96, 2];0
[110, 98, -2];0
[85, 96, -6];0
[60, 90, -10];0
[35, 80, -14];1
[10, 89, 5];0
[-15, 94, 1];0
[-40, 95, -3];0
[-65, 92, -7];0
[-90, 85, -11];1
[-115, 102, 13];0
[460, 28, 9];0
[435, 37, 5];0
[410, 42, 1];0
[385, 43, -3];0
[360, 40, -7];0
[335, 33, -11];1
[310, 44, 7];0
[285, 51, 3];0
[260, 54, -1];0
[235, 53, -5];0
[210, 48, -9];1
[185, 59, 7];0
[160, 66, 3];0
[135, 69, -1];0
[110, 68, -5];0
[85, 63, -9];0
[60, 54, -13];0
[35, 41, -17];0
[10, 24, -21];0
[-15, 3, -25];1
[-40, 22, 15];0
[-65, 37, 11];0
[-90, 48, 7];0
[-115, 55, 3];0
[460, 131, -1];0
[435, 130, -5];0
[410, 125, -9];0
[385, 116, -13];0
[360, 103, -17];0
[335, 86, -21];0
[310, 65, -25];0
[285, 40, -29];1
[260, 49, 5];0
[235, 54, 1];0
[210, 55, -3];0
[185, 52, -7];0
[160, 45, -11];1
[135, 62, 13];0
[110, 75, 9];0
[85, 84, 5];1
[60, 99, 11];0
[35, 110, 7];0
[10, 117, 3];0
[-15, 120, -1];0
[-40, 119, -5];0
[-65, 114, -9];0
[-90, 105, -13];0
[-115, 92, -17];1
[460, 68, 15];0
[435, 83, 11];0
[410, 94, 7];0
[385, 101, 3];0
[360, 104, -1];0
[335, 103, -5];0
[310, 98, -9];0
[285, 89, -13];0
[260, 76, -17];0
[235, 59, -21];1
[210, 73, 10];0
[185, 83, 6];0
[160, 89, 2];0
[135, 91, -2];0
[110, 89, -6];0
[85, 83, -10];0
[60, 73, -14];0
[35, 59, -18];0
[10, 41, -22];1
[-15, 54, 9];0
[-40, 63, 5];0
[-65, 68, 1];0
[-90, 69, -3];0
[-115, 66, -7];0
[460, 138, -11];0
[435, 127, -15];0
[410, 112, -19];0
[385, 93, -23];1
[360, 104, 7];0
[335, 111, 3];0
[310, 114, -1];0
[285, 113, -5];0
[260, 108, -9];0
[235, 99, -13];0
[210, 86, -17];0
[185, 69, -21];1
[160, 92, 19];0
[135, 111, 15];0
[110, 126, 11];0
[85, 137, 7];0
[60, 144, 3];0
[35, 147, -1];0
[10, 146, -5];0
[-15, 141, -9];0
[-40, 132, -13];0
[-65, 119, -17];0
[-90, 102, -21];1
[-115, 113, 7];0
[460, 87, 3];0
[435, 90, -1];0
[410, 89, -5];0
[385, 84, -9];0
[360, 75, -13];0
[335, 62, -17];1
[310, 75, 9];0
[285, 84, 5];0
[260, 89, 1];0
[235, 90, -3];0
[210, 87, -7];0
[185, 80, -11];0
[160, 69, -15];0
[135, 54, -19];1
[110, 68, 10];0
[85, 78, 6];0
[60, 84, 2];0
[35, 86, -2];0
[10, 84, -6];0
[-15, 78, -10];0
[-40, 68, -14];0
[-65, 54, -18];1
[-90, 67, 9];0
[-115, 76, 5];0
[460, 71, 1];0
[435, 72, -3];0
[410, 69, -7];0
[385, 62, -11];0
[360, 51, -15];1
[335, 58, 3];0
[310, 61, -1];0
[285, 60, -5];0
[260, 55, -9];0
[235, 46, -13];1
[210, 60, 10];0
[185, 70, 6];0
[160, 76, 2];0
[135, 78, -2];0
[110, 76, -6];0
[85, 70, -10];0
[60, 60, -14];1
[35, 80, 16];0
[10, 96, 12];0
[-15, 108, 8];0
[-40, 116, 4];0
[-65, 120, 0];0
[-90, 120, -4];0
[-115, 116, -8];0
[460, 62, -12];0
[435, 50, -16];0
[410, 34, -20];0
[385, 14, -24];1
[360, 28, 10];0
[335, 38, 6];0
[310, 44, 2];0
[285, 46, -2];1
[260, 67, 17];0
[235, 84, 13];0
[210, 97, 9];0
[185, 106, 5];0
[160, 111, 1];0
[135, 112, -3];0
[110, 109, -7];0
[85, 102, -11];0
[60, 91, -15];0
[35, 76, -19];0
[10, 57, -23];0
[-15, 34, -27];1
[-40, 57, 19];0
[-65, 76, 15];0
[-90, 91, 11];0
[-115, 102, 7];0
[460, 137, 3];0
[435, 140, -1];0
[410, 139, -5];0
[385, 134, -9];0
[360, 125, -13];0
[335, 112, -17];0
[310, 95, -21];0
[285, 74, -25];1
[260, 87, 9];0
[235, 96, 5];0
[210, 101, 1];0
[185, 102, -3];0
[160, 99, -7];0
[135, 92, -11];0
[110, 81, -15];0
[85, 66, -19];1
[60, 83, 13];0
[35, 96, 9];0
[10, 105, 5];0
[-15, 110, 1];0
[-40, 111, -3];0
[-65, 108, -7];0
[-90, 101, -11];0
[-115, 90, -15];0
[460, 51, -19];1
[435, 67, 12];0
[410, 79, 8];0
[385, 87, 4];0
[360, 91, 0];0
[335, 91, -4];0
[310, 87, -8];0
[285, 79, -12];0
[260, 67, -16];0
[235, 51, -20];1
[210, 70, 15];0
[185, 85, 11];0
[160, 96, 7];0
[135, 103, 3];0
[110, 106, -1];0
[85, 105, -5];0
[60, 100, -9];0
[35, 91, -13];0
[10, 78, -17];1
[-15, 101, 19];0
[-40, 120, 15];0
[-65, 135, 11];0
[-90, 146, 7];0
[-115, 153, 3];0
[460, 240, -1];0
[435, 239, -5];0
[410, 234, -9];0
[385, 225, -13];0
[360, 212, -17];0
[335, 195, -21];0
[310, 174, -25];0
[285, 149, -29];0
[260, 120, -33];0
[235, 87, -37];0
[210, 50, -41];1
[185, 67, 13];0
[160, 80, 9];0
[135, 89, 5];0
[110, 94, 1];0
[85, 95, -3];0
[60, 92, -7];0
[35, 85, -11];0
[10, 74, -15];1
[-15, 82, 4];0
[-40, 86, 0];0
[-65, 86, -4];0
[-90, 82, -8];0
[-115, 74, -12];0
[460, 54, -16];1
[435, 76, 18];0
[410, 94, 14];0
[385, 108, 10];0
[360, 118, 6];0
[335, 124, 2];0
[310, 126, -2];0
[285, 124, -6];0
[260, 118, -10];0
[235, 108, -14];0
[210, 94, -18];0
[185, 76, -22];0
[160, 54, -26];1
[135, 72, 14];0
[110, 86, 10];0
[85, 96, 6];0
[60, 102, 2];0
[35, 104, -2];0
[10, 102, -6];0
[-15, 96, -10];0
[-40, 86, -14];0
[-65, 72, -18];0
[-90, 54, -22];1
[-115, 73, 15];0
[460, 81, 11];0
[435, 92, 7];0
[410, 99, 3];0
[385, 102, -1];0
[360, 101, -5];0
[335, 96, -9];0
[310, 87, -13];0
[285, 74, -17];0
[260, 57, -21];1
[235, 72, 11];0
[210, 83, 7];0
[185, 90, 3];0
[160, 93, -1];0
[135, 92, -5];0
[110, 87, -9];0
[85, 78, -13];0
[60, 65, -17];1
[35, 86, 17];0
[10, 103, 13];0
[-15, 116, 9];0
[-40, 125, 5];0
[-65, 130, 1];0
[-90, 131, -3];0
[-115, 128, -7];0
[460, 80, -11];0
[435, 69, -15];0
[410, 54, -19];0
[385, 35, -23];0
[360, 12, -27];1
[335, 36, 20];0
[310, 56, 16];0
[285, 72, 12];0
[260, 84, 8];0
[235, 92, 4];0
[210, 96, 0];0
[185, 96, -4];0
[160, 92, -8];0
[135, 84, -12];0
[110, 72, -16];0
[85, 56, -20];0
[60, 36, -24];1
[35, 52, 12];0
[10, 64, 8];0
[-15, 72, 4];0
[-40, 76, 0];0
[-65, 76, -4];0
[-90, 72, -8];0
[-115, 64, -12];0
[460, 29, -16];0
[435, 13, -20];1
[410, 26, 9];0
[385, 35, 5];0
[360, 40, 1];0
[335, 41, -3];0
[310, 38, -7];0
[285, 31, -11];1
[260, 45, 10];0
[235, 55, 6];0
[210, 61, 2];0
[185, 63, -2];0
[160, 61, -6];0
[135, 55, -10];0
[110, 45, -14];1
[85, 61, 12];0
[60, 73, 8];0
[35, 81, 4];0
[10, 85, 0];0
[-15, 85, -4];0
[-40, 81, -8];0
[-65, 73, -12];0
[-90, 61, -16];0
[-115, 45, -20];0
[460, -18, -24];1
[435, -1, 13];0
[410, 12, 9];0
[385, 21, 5];0
[360, 26, 1];0
[335, 27, -3];0
[310, 24, -7];0
[285, 17, -11];1
[260, 33, 12];0
[235, 45, 8];0
[210, 53, 4];0
[185, 57, 0];0
[160, 57, -4];0
[135, 53, -8];0
[110, 45, -12];0
[85, 33, -16];0
[60, 17, -20];1
[35, 29, 8];0
[10, 37, 4];0
[-15, 41, 0];0
[-40, 41, -4];0
[-65, 37, -8];0
[-90, 29, -12];0
[-115, 17, -16];0
[460, 24, -20];1
[435, 35, 7];0
[410, 42, 3];0
[385, 45, -1];0
[360, 44, -5];0
[335, 39, -9];0
[310, 30, -13];1
[285, 38, 4];0
[260, 42, 0];0
[235, 42, -4];0
[210, 38, -8];0
[185, 30, -12];1
[160, 56, 22];0
[135, 78, 18];0
[110, 96, 14];0
[85, 110, 10];0
[60, 120, 6];0
[35, 126, 2];0
[10, 128, -2];0
[-15, 126, -6];0
[-40, 120, -10];0
[-65, 110, -14];0
[-90, 96, -18];0
[-115, 78, -22];0
[460, 43, -26];0
[435, 17, -30];0
[410, -13, -34];1
[385, 0, 9];0
[360, 9, 5];0
[335, 14, 1];0
[310, 15, -3];0
[285, 12, -7];1
[260, 26, 10];0
[235, 36, 6];0
[210, 42, 2];0
[185, 44, -2];0
[160, 42, -6];0
[135, 36, -10];0
[110, 26, -14];0
[85, 12, -18];1
[60, 28, 12];0
[35, 40, 8];0
[10, 48, 4];0
[-15, 52, 0];0
[-40, 52, -4];0
[-65, 48, -8];0
[-90, 40, -12];0
[-115, 28, -16];1
[460, 52, 9];0
[435, 61, 5];0
[410, 66, 1];0
[385, 67, -3];0
[360, 64, -7];0
[335, 57, -11];0
[310, 46, -15];0
[285, 31, -19];1
[260, 40, 5];0
[235, 45, 1];0
[210, 46, -3];0
[185, 43, -7];0
[160, 36, -11];1
[135, 50, 10];0
[110, 60, 6];0
[85, 66, 2];0
[60, 68, -2];0
[35, 66, -6];0
[10, 60, -10];0
[-15, 50, -14];0
[-40, 36, -18];1
[-65, 46, 6];0
[-90, 52, 2];0
[-115, 54, -2];0
[460, 76, -6];0
[435, 70, -10];0
[410, 60, -14];1
[385, 77, 13];0
[360, 90, 9];0
[335, 99, 5];0
[310, 104, 1];0
[285, 105, -3];0
[260, 102, -7];0
[235, 95, -11];0
[210, 84, -15];0
[185, 69, -19];1
[160, 87, 14];0
[135, 101, 10];0
[110, 111, 6];0
[85, 117, 2];0
[60, 119, -2];0
[35, 117, -6];0
[10, 111, -10];0
[-15, 101, -14];0
[-40, 87, -18];0
[-65, 69, -22];0
[-90, 47, -26];1
[-115, 76, 25];0
[460, 65, 21];0
[435, 86, 17];0
[410, 103, 13];0
[385, 116, 9];0
[360, 125, 5];0
[335, 130, 1];0
[310, 131, -3];0
[285, 128, -7];0
[260, 121, -11];0
[235, 110, -15];0
[210, 95, -19];0
[185, 76, -23];1
[160, 90, 10];0
[135, 100, 6];0
[110, 106, 2];0
[85, 108, -2];0
[60, 106, -6];0
[35, 100, -10];0
[10, 90, -14];0
[-15, 76, -18];0
[-40, 58, -22];0
[-65, 36, -26];1
[-90, 58, 18];0
[-115, 76, 14];0
[460, 102, 10];0
[435, 112, 6];0
[410, 118, 2];0
[385, 120, -2];0
[360, 118, -6];0
[335, 112, -10];0
[310, 102, -14];0
[285, 88, -18];0
[260, 70, -22];0
[235, 48, -26];1
[210, 64, 12];0
[185, 76, 8];0
[160, 84, 4];0
[135, 88, 0];0
[110, 88, -4];0
[85, 84, -8];0
[60, 76, -12];0
[35, 64, -16];0
[10, 48, -20];1
[-15, 66, 14];0
[-40, 80, 10];0
[-65, 90, 6];0
[-90, 96, 2];0
[-115, 98, -2];0
[460, 187, -6];0
[435, 181, -10];0
[410, 171, -14];0
[385, 157, -18];0
[360, 139, -22];0
[335, 117, -26];0
[310, 91, -30];0
[285, 61, -34];1
[260, 76, 11];0
[235, 87, 7];0
[210, 94, 3];0
[185, 97, -1];0
[160, 96, -5];0
[135, 91, -9];0
[110, 82, -13];0
[85, 69, -17];1
[60, 82, 9];0
[35, 91, 5];0
[10, 96, 1];0
[-15, 97, -3];0
[-40, 94, -7];0
[-65, 87, -11];1
[-90, 98, 7];0
[-115, 105, 3];0
[460, 95, -1];0
[435, 94, -5];0
[410, 89, -9];0
[385, 80, -13];1
[360, 87, 3];0
[335, 90, -1];0
[310, 89, -5];0
[285, 84, -9];0
[260, 75, -13];0
[235, 62, -17];1
[210, 83, 17];0
[185, 100, 13];0
[160, 113, 9];0
[135, 122, 5];0
[110, 127, 1];0
[85, 128, -3];0
[60, 125, -7];0
[35, 118, -11];0
[10, 107, -15];0
[-15, 92, -19];0
[-40, 73, -23];1
[-65, 88, 11];0
[-90, 99, 7];0
[-115, 106, 3];0
[460, 39, -1];0
[435, 38, -5];0
[410, 33, -9];0
[385, 24, -13];0
[360, 11, -17];1
[335, 24, 9];0
[310, 33, 5];0
[285, 38, 1];0
[260, 39, -3];1
[235, 53, 10];0
[210, 63, 6];0
[185, 69, 2];0
[160, 71, -2];0
[135, 69, -6];0
[110, 63, -10];0
[85, 53, -14];0
[60, 39, -18];0
[35, 21, -22];0
[10, -1, -26];0
[-15, -27, -30];1
[-40, -12, 11];0
[-65, -1, 7];0
[-90, 6, 3];0
[-115, 9, -1];0
[460, 40, -5];0
[435, 35, -9];0
[410, 26, -13];1
[385, 45, 15];0
[360, 60, 11];0
[335, 71, 7];0
[310, 78, 3];0
[285, 81, -1];0
[260, 80, -5];0
[235, 75, -9];0
[210, 66, -13];0
[185, 53, -17];1
[160, 67, 10];0
[135, 77, 6];0
[110, 83, 2];0
[85, 85, -2];0
[60, 83, -6];0
[35, 77, -10];0
[10, 67, -14];0
[-15, 53, -18];1
[-40, 63, 6];0
[-65, 69, 2];0
[-90, 71, -2];0
[-115, 69, -6];0
[460, 126, -10];0
[435, 116, -14];0
[410, 102, -18];0
[385, 84, -22];1
[360, 97, 9];0
[335, 106, 5];0
[310, 111, 1];0
[285, 112, -3];0
[260, 109, -7];0
[235, 102, -11];0
[210, 91, -15];0
[185, 76, -19];0
[160, 57, -23];1
[135, 69, 8];0
[110, 77, 4];0
[85, 81, 0];0
[60, 81, -4];0
[35, 77, -8];0