[485, 146, 0, 235225, 21316, 0, 114084125, 3112136, 0];0
[460, 146, -4, 211600, 21316, 16, 97336000, 3112136, -64];0
[435, 142, -8, 189225, 20164, 64, 82312875, 2863288, -512];0
[410, 134, -12, 168100, 17956, 144, 68921000, 2406104, -1728];0
[385, 122, -16, 148225, 14884, 256, 57066625, 1815848, -4096];0
[360, 106, -20, 129600, 11236, 400, 46656000, 1191016, -8000];1
[335, 121, 11, 112225, 14641, 121, 37595375, 1771561, 1331];0
[310, 132, 7, 96100, 17424, 49, 29791000, 2299968, 343];0
[285, 139, 3, 81225, 19321, 9, 23149125, 2685619, 27];0
[260, 142, -1, 67600, 20164, 1, 17576000, 2863288, -1];0
[235, 141, -5, 55225, 19881, 25, 12977875, 2803221, -125];0
[210, 136, -9, 44100, 18496, 81, 9261000, 2515456, -729];0
[185, 127, -13, 34225, 16129, 169, 6331625, 2048383, -2197];0
[160, 114, -17, 25600, 12996, 289, 4096000, 1481544, -4913];0
[135, 97, -21, 18225, 9409, 441, 2460375, 912673, -9261];0
[110, 76, -25, 12100, 5776, 625, 1331000, 438976, -15625];0
[85, 51, -29, 7225, 2601, 841, 614125, 132651, -24389];1
[60, 64, 9, 3600, 4096, 81, 216000, 262144, 729];0
[35, 73, 5, 1225, 5329, 25, 42875, 389017, 125];0
[10, 78, 1, 100, 6084, 1, 1000, 474552, 1];0
[-15, 79, -3, 225, 6241, 9, -3375, 493039, -27];0
[-40, 76, -7, 1600, 5776, 49, -64000, 438976, -343];0
[-65, 69, -11, 4225, 4761, 121, -274625, 328509, -1331];0
[-90, 58, -15, 8100, 3364, 225, -729000, 195112, -3375];0
[-115, 43, -19, 13225, 1849, 361, -1520875, 79507, -6859];0
[460, -47, -23, 211600, 2209, 529, 97336000, -103823, -12167];1
[435, -32, 11, 189225, 1024, 121, 82312875, -32768, 1331];0
[410, -21, 7, 168100, 441, 49, 68921000, -9261, 343];0
[385, -14, 3, 148225, 196, 9, 57066625, -2744, 27];0
[360, -11, -1, 129600, 121, 1, 46656000, -1331, -1];1
[335, 0, 7, 112225, 0, 49, 37595375, 0, 343];0
[310, 7, 3, 96100, 49, 9, 29791000, 343, 27];0
[285, 10, -1, 81225, 100, 1, 23149125, 1000, -1];0
[260, 9, -5, 67600, 81, 25, 17576000, 729, -125];1
[235, 27, 14, 55225, 729, 196, 12977875, 19683, 2744];0
[210, 41, 10, 44100, 1681, 100, 9261000, 68921, 1000];0
[185, 51, 6, 34225, 2601, 36, 6331625, 132651, 216];0
[160, 57, 2, 25600, 3249, 4, 4096000, 185193, 8];0
[135, 59, -2, 18225, 3481, 4, 2460375, 205379, -8];0
[110, 57, -6, 12100, 3249, 36, 1331000, 185193, -216];0
[85, 51, -10, 7225, 2601, 100, 614125, 132651, -1000];0
[60, 41, -14, 3600, 1681, 196, 216000, 68921, -2744];0
[35, 27, -18, 1225, 729, 324, 42875, 19683, -5832];0
[10, 9, -22, 100, 81, 484, 1000, 729, -10648];0
[-15, -13, -26, 225, 169, 676, -3375, -2197, -17576];0
[-40, -39, -30, 1600, 1521, 900, -64000, -59319, -27000];1
[-65, -16, 19, 4225, 256, 361, -274625, -4096, 6859];0
[-90, 3, 15, 8100, 9, 225, -729000, 27, 3375];0
[-115, 18, 11, 13225, 324, 121, -1520875, 5832, 1331];0
[460, 63, 7, 211600, 3969, 49, 97336000, 250047, 343];0
[435, 70, 3, 189225, 4900, 9, 82312875, 343000, 27];0
[410, 73, -1, 168100, 5329, 1, 68921000, 389017, -1];0
[385, 72, -5, 148225, 5184, 25, 57066625, 373248, -125];0
[360, 67, -9, 129600, 4489, 81, 46656000, 300763, -729];0
[335, 58, -13, 112225, 3364, 169, 37595375, 195112, -2197];1
[310, 79, 17, 96100, 6241, 289, 29791000, 493039, 4913];0
[285, 96, 13, 81225, 9216, 169, 23149125, 884736, 2197];0
[260, 109, 9, 67600, 11881, 81, 17576000, 1295029, 729];0
[235, 118, 5, 55225, 13924, 25, 12977875, 1643032, 125];0
[210, 123, 1, 44100, 15129, 1, 9261000, 1860867, 1];0
[185, 124, -3, 34225, 15376, 9, 6331625, 1906624, -27];0
[160, 121, -7, 25600, 14641, 49, 4096000, 1771561, -343];0
[135, 114, -11, 18225, 12996, 121, 2460375, 1481544, -1331];0
[110, 103, -15, 12100, 10609, 225, 1331000, 1092727, -3375];0
[85, 88, -19, 7225, 7744, 361, 614125, 681472, -6859];0
[60, 69, -23, 3600, 4761, 529, 216000, 328509, -12167];0
[35, 46, -27, 1225, 2116, 729, 42875, 97336, -19683];1
[10, 54, 4, 100, 2916, 16, 1000, 157464, 64];0
[-15, 58, 0, 225, 3364, 0, -3375, 195112, 0];0
[-40, 58, -4, 1600, 3364, 16, -64000, 195112, -64];0
[-65, 54, -8, 4225, 2916, 64, -274625, 157464, -512];0
[-90, 46, -12, 8100, 2116, 144, -729000, 97336, -1728];0
[-115, 34, -16, 13225, 1156, 256, -1520875, 39304, -4096];1
[460, 26, 12, 211600, 676, 144, 97336000, 17576, 1728];0
[435, 38, 8, 189225, 1444, 64, 82312875, 54872, 512];0
[410, 46, 4, 168100, 2116, 16, 68921000, 97336, 64];0
[385, 50, 0, 148225, 2500, 0, 57066625, 125000, 0];0
[360, 50, -4, 129600, 2500, 16, 46656000, 125000, -64];0
[335, 46, -8, 112225, 2116, 64, 37595375, 97336, -512];1
[310, 68, 18, 96100, 4624, 324, 29791000, 314432, 5832];0
[285, 86, 14, 81225, 7396, 196, 23149125, 636056, 2744];0
[260, 100, 10, 67600, 10000, 100, 17576000, 1000000, 1000];0
[235, 110, 6, 55225, 12100, 36, 12977875, 1331000, 216];0
[210, 116, 2, 44100, 13456, 4, 9261000, 1560896, 8];0
[185, 118, -2, 34225, 13924, 4, 6331625, 1643032, -8];0
[160, 116, -6, 25600, 13456, 36, 4096000, 1560896, -216];0
[135, 110, -10, 18225, 12100, 100, 2460375, 1331000, -1000];0
[110, 100, -14, 12100, 10000, 196, 1331000, 1000000, -2744];0
[85, 86, -18, 7225, 7396, 324, 614125, 636056, -5832];0
[60, 68, -22, 3600, 4624, 484, 216000, 314432, -10648];0
[35, 46, -26, 1225, 2116, 676, 42875, 97336, -17576];1
[10, 60, 10, 100, 3600, 100, 1000, 216000, 1000];0
[-15, 70, 6, 225, 4900, 36, -3375, 343000, 216];0
[-40, 76, 2, 1600, 5776, 4, -64000, 438976, 8];0
[-65, 78, -2, 4225, 6084, 4, -274625, 474552, -8];0
[-90, 76, -6, 8100, 5776, 36, -729000, 438976, -216];0
[-115, 70, -10, 13225, 4900, 100, -1520875, 343000, -1000];0
[460, 149, -14, 211600, 22201, 196, 97336000, 3307949, -2744];0
[435, 135, -18, 189225, 18225, 324, 82312875, 2460375, -5832];0
[410, 117, -22, 168100, 13689, 484, 68921000, 1601613, -10648];1
[385, 129, 8, 148225, 16641, 64, 57066625, 2146689, 512];0
[360, 137, 4, 129600, 18769, 16, 46656000, 2571353, 64];0
[335, 141, 0, 112225, 19881, 0, 37595375, 2803221, 0];0
[310, 141, -4, 96100, 19881, 16, 29791000, 2803221, -64];0
[285, 137, -8, 81225, 18769, 64, 23149125, 2571353, -512];0
[260, 129, -12, 67600, 16641, 144, 17576000, 2146689, -1728];0
[235, 117, -16, 55225, 13689, 256, 12977875, 1601613, -4096];0
[210, 101, -20, 44100, 10201, 400, 9261000, 1030301, -8000];0
[185, 81, -24, 34225, 6561, 576, 6331625, 531441, -13824];0
[160, 57, -28, 25600, 3249, 784, 4096000, 185193, -21952];1
[135, 74, 13, 18225, 5476, 169, 2460375, 405224, 2197];0
[110, 87, 9, 12100, 7569, 81, 1331000, 658503, 729];0
[85, 96, 5, 7225, 9216, 25, 614125, 884736, 125];0
[60, 101, 1, 3600, 10201, 1, 216000, 1030301, 1];0
[35, 102, -3, 1225, 10404, 9, 42875, 1061208, -27];0
[10, 99, -7, 100, 9801, 49, 1000, 970299, -343];0
[-15, 92, -11, 225, 8464, 121, -3375, 778688, -1331];0
[-40, 81, -15, 1600, 6561, 225, -64000, 531441, -3375];1
[-65, 91, 6, 4225, 8281, 36, -274625, 753571, 216];0
[-90, 97, 2, 8100, 9409, 4, -729000, 912673, 8];0
[-115, 99, -2, 13225, 9801, 4, -1520875, 970299, -8];0
[460, 36, -6, 211600, 1296, 36, 97336000, 46656, -216];0
[435, 30, -10, 189225, 900, 100, 82312875, 27000, -1000];0
[410, 20, -14, 168100, 400, 196, 68921000, 8000, -2744];1
[385, 33, 9, 148225, 1089, 81, 57066625, 35937, 729];0
[360, 42, 5, 129600, 1764, 25, 46656000, 74088, 125];0
[335, 47, 1, 112225, 2209, 1, 37595375, 103823, 1];0
[310, 48, -3, 96100, 2304, 9, 29791000, 110592, -27];0
[285, 45, -7, 81225, 2025, 49, 23149125, 91125, -343];0
[260, 38, -11, 67600, 1444, 121, 17576000, 54872, -1331];1
[235, 53, 11, 55225, 2809, 121, 12977875, 148877, 1331];0
[210, 64, 7, 44100, 4096, 49, 9261000, 262144, 343];0
[185, 71, 3, 34225, 5041, 9, 6331625, 357911, 27];0
[160, 74, -1, 25600, 5476, 1, 4096000, 405224, -1];0
[135, 73, -5, 18225, 5329, 25, 2460375, 389017, -125];0
[110, 68, -9, 12100, 4624, 81, 1331000, 314432, -729];0
[85, 59, -13, 7225, 3481, 169, 614125, 205379, -2197];0
[60, 46, -17, 3600, 2116, 289, 216000, 97336, -4913];0
[35, 29, -21, 1225, 841, 441, 42875, 24389, -9261];0
[10, 8, -25, 100, 64, 625, 1000, 512, -15625];1
[-15, 23, 11, 225, 529, 121, -3375, 12167, 1331];0
[-40, 34, 7, 1600, 1156, 49, -64000, 39304, 343];0
[-65, 41, 3, 4225, 1681, 9, -274625, 68921, 27];0
[-90, 44, -1, 8100, 1936, 1, -729000, 85184, -1];0
[-115, 43, -5, 13225, 1849, 25, -1520875, 79507, -125];0
[460, -14, -9, 211600, 196, 81, 97336000, -2744, -729];0
[435, -23, -13, 189225, 529, 169, 82312875, -12167, -2197];0
[410, -36, -17, 168100, 1296, 289, 68921000, -46656, -4913];1
[385, -18, 14, 148225, 324, 196, 57066625, -5832, 2744];0
[360, -4, 10, 129600, 16, 100, 46656000, -64, 1000];1
[335, 7, 7, 112225, 49, 49, 37595375, 343, 343];0
[310, 14, 3, 96100, 196, 9, 29791000, 2744, 27];0
[285, 17, -1, 81225, 289, 1, 23149125, 4913, -1];0
[260, 16, -5, 67600, 256, 25, 17576000, 4096, -125];0
[235, 11, -9, 55225, 121, 81, 12977875, 1331, -729];1
[210, 27, 12, 44100, 729, 144, 9261000, 19683, 1728];0
[185, 39, 8, 34225, 1521, 64, 6331625, 59319, 512];0
[160, 47, 4, 25600, 2209, 16, 4096000, 103823, 64];0
[135, 51, 0, 18225, 2601, 0, 2460375, 132651, 0];0
[110, 51, -4, 12100, 2601, 16, 1331000, 132651, -64];0
[85, 47, -8, 7225, 2209, 64, 614125, 103823, -512];0
[60, 39, -12, 3600, 1521, 144, 216000, 59319, -1728];0
[35, 27, -16, 1225, 729, 256, 42875, 19683, -4096];0
[10, 11, -20, 100, 121, 400, 1000, 1331, -8000];0
[-15, -9, -24, 225, 81, 576, -3375, -729, -13824];1
[-40, 8, 13, 1600, 64, 169, -64000, 512, 2197];0
[-65, 21, 9, 4225, 441, 81, -274625, 9261, 729];0
[-90, 30, 5, 8100, 900, 25, -729000, 27000, 125];0
[-115, 35, 1, 13225, 1225, 1, -1520875, 42875, 1];0
[460, 76, -3, 211600, 5776, 9, 97336000, 438976, -27];0
[435, 73, -7, 189225, 5329, 49, 82312875, 389017, -343];0
[410, 66, -11, 168100, 4356, 121, 68921000, 287496, -1331];0
[385, 55, -15, 148225, 3025, 225, 57066625, 166375, -3375];0
[360, 40, -19, 129600, 1600, 361, 46656000, 64000, -6859];1
[335, 53, 9, 112225, 2809, 81, 37595375, 148877, 729];0
[310, 62, 5, 96100, 3844, 25, 29791000, 238328, 125];0
[285, 67, 1, 81225, 4489, 1, 23149125, 300763, 1];0
[260, 68, -3, 67600, 4624, 9, 17576000, 314432, -27];0
[235, 65, -7, 55225, 4225, 49, 12977875, 274625, -343];0
[210, 58, -11, 44100, 3364, 121, 9261000, 195112, -1331];0
[185, 47, -15, 34225, 2209, 225, 6331625, 103823, -3375];1
[160, 58, 7, 25600, 3364, 49, 4096000, 195112, 343];0
[135, 65, 3, 18225, 4225, 9, 2460375, 274625, 27];0
[110, 68, -1, 12100, 4624, 1, 1331000, 314432, -1];0
[85, 67, -5, 7225, 4489, 25, 614125, 300763, -125];0
[60, 62, -9, 3600, 3844, 81, 216000, 238328, -729];0
[35, 53, -13, 1225, 2809, 169, 42875, 148877, -2197];0
[10, 40, -17, 100, 1600, 289, 1000, 64000, -4913];0
[-15, 23, -21, 225, 529, 441, -3375, 12167, -9261];1
[-40, 43, 16, 1600, 1849, 256, -64000, 79507, 4096];0
[-65, 59, 12, 4225, 3481, 144, -274625, 205379, 1728];0
[-90, 71, 8, 8100, 5041, 64, -729000, 357911, 512];0
[-115, 79, 4, 13225, 6241, 16, -1520875, 493039, 64];0
[460, 155, 0, 211600, 24025, 0, 97336000, 3723875, 0];0
[435, 155, -4, 189225, 24025, 16, 82312875, 3723875, -64];0
[410, 151, -8, 168100, 22801, 64, 68921000, 3442951, -512];0
[385, 143, -12, 148225, 20449, 144, 57066625, 2924207, -1728];0
[360, 131, -16, 129600, 17161, 256, 46656000, 2248091, -4096];0
[335, 115, -20, 112225, 13225, 400, 37595375, 1520875, -8000];0
[310, 95, -24, 96100, 9025, 576, 29791000, 857375, -13824];0
[285, 71, -28, 81225, 5041, 784, 23149125, 357911, -21952];1
[260, 87, 12, 67600, 7569, 144, 17576000, 658503, 1728];0
[235, 99, 8, 55225, 9801, 64, 12977875, 970299, 512];0
[210, 107, 4, 44100, 11449, 16, 9261000, 1225043, 64];0
[185, 111, 0, 34225, 12321, 0, 6331625, 1367631, 0];0
[160, 111, -4, 25600, 12321, 16, 4096000, 1367631, -64];0
[135, 107, -8, 18225, 11449, 64, 2460375, 1225043, -512];0
[110, 99, -12, 12100, 9801, 144, 1331000, 970299, -1728];0
[85, 87, -16, 7225, 7569, 256, 614125, 658503, -4096];0
[60, 71, -20, 3600, 5041, 400, 216000, 357911, -8000];1
[35, 87, 12, 1225, 7569, 144, 42875, 658503, 1728];0
[10, 99, 8, 100, 9801, 64, 1000, 970299, 512];0
[-15, 107, 4, 225, 11449, 16, -3375, 1225043, 64];0
[-40, 111, 0, 1600, 12321, 0, -64000, 1367631, 0];0
[-65, 111, -4, 4225, 12321, 16, -274625, 1367631, -64];0
[-90, 107, -8, 8100, 11449, 64, -729000, 1225043, -512];0
[-115, 99, -12, 13225, 9801, 144, -1520875, 970299, -1728];0
[460, 102, -16, 211600, 10404, 256, 97336000, 1061208, -4096];1
[435, 112, 6, 189225, 12544, 36, 82312875, 1404928, 216];0
[410, 118, 2, 168100, 13924, 4, 68921000, 1643032, 8];0
[385, 120, -2, 148225, 14400, 4, 57066625, 1728000, -8];0
[360, 118, -6, 129600, 13924, 36, 46656000, 1643032, -216];0
[335, 112, -10, 112225, 12544, 100, 37595375, 1404928, -1000];0
[310, 102, -14, 96100, 10404, 196, 29791000, 1061208, -2744];0
[285, 88, -18, 81225, 7744, 324, 23149125, 681472, -5832];0
[260, 70, -22, 67600, 4900, 484, 17576000, 343000, -10648];0
[235, 48, -26, 55225, 2304, 676, 12977875, 110592, -17576];1
[210, 66, 14, 44100, 4356, 196, 9261000, 287496, 2744];0
[185, 80, 10, 34225, 6400, 100, 6331625, 512000, 1000];0
[160, 90, 6, 25600, 8100, 36, 4096000, 729000, 216];0
[135, 96, 2, 18225, 9216, 4, 2460375, 884736, 8];0
[110, 98, -2, 12100, 9604, 4, 1331000, 941192, -8];0
[85, 96, -6, 7225, 9216, 36, 614125, 884736, -216];0
[60, 90, -10, 3600, 8100, 100, 216000, 729000, -1000];0
[35, 80, -14, 1225, 6400, 196, 42875, 512000, -2744];1
[10, 100, 16, 100, 10000, 256, 1000, 1000000, 4096];0
[-15, 116, 12, 225, 13456, 144, -3375, 1560896, 1728];0
[-40, 128, 8, 1600, 16384, 64, -64000, 2097152, 512];0
[-65, 136, 4, 4225, 18496, 16, -274625, 2515456, 64];0
[-90, 140, 0, 8100, 19600, 0, -729000, 2744000, 0];0
[-115, 140, -4, 13225, 19600, 16, -1520875, 2744000, -64];0
[460, 76, -8, 211600, 5776, 64, 97336000, 438976, -512];0
[435, 68, -12, 189225, 4624, 144, 82312875, 314432, -1728];0
[410, 56, -16, 168100, 3136, 256, 68921000, 175616, -4096];0
[385, 40, -20, 148225, 1600, 400, 57066625, 64000, -8000];1
[360, 53, 9, 129600, 2809, 81, 46656000, 148877, 729];0
[335, 62, 5, 112225, 3844, 25, 37595375, 238328, 125];0
[310, 67, 1, 96100, 4489, 1, 29791000, 300763, 1];0
[285, 68, -3, 81225, 4624, 9, 23149125, 314432, -27];0
[260, 65, -7, 67600, 4225, 49, 17576000, 274625, -343];0
[235, 58, -11, 55225, 3364, 121, 12977875, 195112, -1331];0
[210, 47, -15, 44100, 2209, 225, 9261000, 103823, -3375];1
[185, 62, 11, 34225, 3844, 121, 6331625, 238328, 1331];0
[160, 73, 7, 25600, 5329, 49, 4096000, 389017, 343];0
[135, 80, 3, 18225, 6400, 9, 2460375, 512000, 27];0
[110, 83, -1, 12100, 6889, 1, 1331000, 571787, -1];0
[85, 82, -5, 7225, 6724, 25, 614125, 551368, -125];0
[60, 77, -9, 3600, 5929, 81, 216000, 456533, -729];0
[35, 68, -13, 1225, 4624, 169, 42875, 314432, -2197];0
[10, 55, -17, 100, 3025, 289, 1000, 166375, -4913];0
[-15, 38, -21, 225, 1444, 441, -3375, 54872, -9261];1
[-40, 55, 13, 1600, 3025, 169, -64000, 166375, 2197];0
[-65, 68, 9, 4225, 4624, 81, -274625, 314432, 729];0
[-90, 77, 5, 8100, 5929, 25, -729000, 456533, 125];0
[-115, 82, 1, 13225, 6724, 1, -1520875, 551368, 1];0
[460, 75, -3, 211600, 5625, 9, 97336000, 421875, -27];0
[435, 72, -7, 189225, 5184, 49, 82312875, 373248, -343];0
[410, 65, -11, 168100, 4225, 121, 68921000, 274625, -1331];0
[385, 54, -15, 148225, 2916, 225, 57066625, 157464, -3375];0
[360, 39, -19, 129600, 1521, 361, 46656000, 59319, -6859];1
[335, 55, 12, 112225, 3025, 144, 37595375, 166375, 1728];0
[310, 67, 8, 96100, 4489, 64, 29791000, 300763, 512];0
[285, 75, 4, 81225, 5625, 16, 23149125, 421875, 64];0
[260, 79, 0, 67600, 6241, 0, 17576000, 493039, 0];0
[235, 79, -4, 55225, 6241, 16, 12977875, 493039, -64];0
[210, 75, -8, 44100, 5625, 64, 9261000, 421875, -512];0
[185, 67, -12, 34225, 4489, 144, 6331625, 300763, -1728];0
[160, 55, -16, 25600, 3025, 256, 4096000, 166375, -4096];1
[135, 72, 13, 18225, 5184, 169, 2460375, 373248, 2197];0
[110, 85, 9, 12100, 7225, 81, 1331000, 614125, 729];0
[85, 94, 5, 7225, 8836, 25, 614125, 830584, 125];0
[60, 99, 1, 3600, 9801, 1, 216000, 970299, 1];0
[35, 100, -3, 1225, 10000, 9, 42875, 1000000, -27];0
[10, 97, -7, 100, 9409, 49, 1000, 912673, -343];0
[-15, 90, -11, 225, 8100, 121, -3375, 729000, -1331];0
[-40, 79, -15, 1600, 6241, 225, -64000, 493039, -3375];0
[-65, 64, -19, 4225, 4096, 361, -274625, 262144, -6859];0
[-90, 45, -23, 8100, 2025, 529, -729000, 91125, -12167];1
[-115, 63, 14, 13225, 3969, 196, -1520875, 250047, 2744];0
[460, 69, 10, 211600, 4761, 100, 97336000, 328509, 1000];0
[435, 79, 6, 189225, 6241, 36, 82312875, 493039, 216];0
[410, 85, 2, 168100, 7225, 4, 68921000, 614125, 8];0
[385, 87, -2, 148225, 7569, 4, 57066625, 658503, -8];0
[360, 85, -6, 129600, 7225, 36, 46656000, 614125, -216];0
[335, 79, -10, 112225, 6241, 100, 37595375, 493039, -1000];0
[310, 69, -14, 96100, 4761, 196, 29791000, 328509, -2744];0
[285, 55, -18, 81225, 3025, 324, 23149125, 166375, -5832];1
[260, 77, 18, 67600, 5929, 324, 17576000, 456533, 5832];0
[235, 95, 14, 55225, 9025, 196, 12977875, 857375, 2744];0
[210, 109, 10, 44100, 11881, 100, 9261000, 1295029, 1000];0
[185, 119, 6, 34225, 14161, 36, 6331625, 1685159, 216];0
[160, 125, 2, 25600, 15625, 4, 4096000, 1953125, 8];0
[135, 127, -2, 18225, 16129, 4, 2460375, 2048383, -8];0
[110, 125, -6, 12100, 15625, 36, 1331000, 1953125, -216];0
[85, 119, -10, 7225, 14161, 100, 614125, 1685159, -1000];0
[60, 109, -14, 3600, 11881, 196, 216000, 1295029, -2744];0
[35, 95, -18, 1225, 9025, 324, 42875, 857375, -5832];0
[10, 77, -22, 100, 5929, 484, 1000, 456533, -10648];0
[-15, 55, -26, 225, 3025, 676, -3375, 166375, -17576];0
[-40, 29, -30, 1600, 841, 900, -64000, 24389, -27000];1
[-65, 43, 10, 4225, 1849, 100, -274625, 79507, 1000];0
[-90, 53, 6, 8100, 2809, 36, -729000, 148877, 216];0
[-115, 59, 2, 13225, 3481, 4, -1520875, 205379, 8];0
[460, 106, -2, 211600, 11236, 4, 97336000, 1191016, -8];0
[435, 104, -6, 189225, 10816, 36, 82312875, 1124864, -216];0
[410, 98, -10, 168100, 9604, 100, 68921000, 941192, -1000];0
[385, 88, -14, 148225, 7744, 196, 57066625, 681472, -2744];0
[360, 74, -18, 129600, 5476, 324, 46656000, 405224, -5832];0
[335, 56, -22, 112225, 3136, 484, 37595375, 175616, -10648];0
[310, 34, -26, 96100, 1156, 676, 29791000, 39304, -17576];1
[285, 47, 9, 81225, 2209, 81, 23149125, 103823, 729];0
[260, 56, 5, 67600, 3136, 25, 17576000, 175616, 125];0
[235, 61, 1, 55225, 3721, 1, 12977875, 226981, 1];0
[210, 62, -3, 44100, 3844, 9, 9261000, 238328, -27];0
[185, 59, -7, 34225, 3481, 49, 6331625, 205379, -343];0
[160, 52, -11, 25600, 2704, 121, 4096000, 140608, -1331];1
[135, 67, 11, 18225, 4489, 121, 2460375, 300763, 1331];0
[110, 78, 7, 12100, 6084, 49, 1331000, 474552, 343];0
[85, 85, 3, 7225, 7225, 9, 614125, 614125, 27];0
[60, 88, -1, 3600, 7744, 1, 216000, 681472, -1];0
[35, 87, -5, 1225, 7569, 25, 42875, 658503, -125];0
[10, 82, -9, 100, 6724, 81, 1000, 551368, -729];0
[-15, 73, -13, 225, 5329, 169, -3375, 389017, -2197];0
[-40, 60, -17, 1600, 3600, 289, -64000, 216000, -4913];1
[-65, 75, 11, 4225, 5625, 121, -274625, 421875, 1331];0
[-90, 86, 7, 8100, 7396, 49, -729000, 636056, 343];0
[-115, 93, 3, 13225, 8649, 9, -1520875, 804357, 27];0
[460, 13, -1, 211600, 169, 1, 97336000, 2197, -1];0
[435, 12, -5, 189225, 144, 25, 82312875, 1728, -125];0
[410, 7, -9, 168100, 49, 81, 68921000, 343, -729];0
[385, -2, -13, 148225, 4, 169, 57066625, -8, -2197];1
[360, 16, 14, 129600, 256, 196, 46656000, 4096, 2744];0
[335, 30, 10, 112225, 900, 100, 37595375, 27000, 1000];0
[310, 40, 6, 96100, 1600, 36, 29791000, 64000, 216];1
[285, 60, 16, 81225, 3600, 256, 23149125, 216000, 4096];0
[260, 76, 12, 67600, 5776, 144, 17576000, 438976, 1728];0
[235, 88, 8, 55225, 7744, 64, 12977875, 681472, 512];0
[210, 96, 4, 44100, 9216, 16, 9261000, 884736, 64];0
[185, 100, 0, 34225, 10000, 0, 6331625, 1000000, 0];0
[160, 100, -4, 25600, 10000, 16, 4096000, 1000000, -64];0
[135, 96, -8, 18225, 9216, 64, 2460375, 884736, -512];0
[110, 88, -12, 12100, 7744, 144, 1331000, 681472, -1728];0
[85, 76, -16, 7225, 5776, 256, 614125, 438976, -4096];0
[60, 60, -20, 3600, 3600, 400, 216000, 216000, -8000];0
[35, 40, -24, 1225, 1600, 576, 42875, 64000, -13824];0
[10, 16, -28, 100, 256, 784, 1000, 4096, -21952];0
[-15, -12, -32, 225, 144, 1024, -3375, -1728, -32768];1
[-40, 3, 11, 1600, 9, 121, -64000, 27, 1331];0
[-65, 14, 7, 4225, 196, 49, -274625, 2744, 343];0
[-90, 21, 3, 8100, 441, 9, -729000, 9261, 27];0
[-115, 24, -1, 13225, 576, 1, -1520875, 13824, -1];0
[460, 12, -5, 211600, 144, 25, 97336000, 1728, -125];0
[435, 7, -9, 189225, 49, 81, 82312875, 343, -729];0
[410, -2, -13, 168100, 4, 169, 68921000, -8, -2197];0
[385, -15, -17, 148225, 225, 289, 57066625, -3375, -4913];1
[360, 0, 11, 129600, 0, 121, 46656000, 0, 1331];0
[335, 11, 7, 112225, 121, 49, 37595375, 1331, 343];0
[310, 18, 3, 96100, 324, 9, 29791000, 5832, 27];0
[285, 21, -1, 81225, 441, 1, 23149125, 9261, -1];1
[260, 34, 9, 67600, 1156, 81, 17576000, 39304, 729];0
[235, 43, 5, 55225, 1849, 25, 12977875, 79507, 125];0
[210, 48, 1, 44100, 2304, 1, 9261000, 110592, 1];0
[185, 49, -3, 34225, 2401, 9, 6331625, 117649, -27];0
[160, 46, -7, 25600, 2116, 49, 4096000, 97336, -343];0
[135, 39, -11, 18225, 1521, 121, 2460375, 59319, -1331];0
[110, 28, -15, 12100, 784, 225, 1331000, 21952, -3375];0
[85, 13, -19, 7225, 169, 361, 614125, 2197, -6859];1
[60, 23, 6, 3600, 529, 36, 216000, 12167, 216];0
[35, 29, 2, 1225, 841, 4, 42875, 24389, 8];0
[10, 31, -2, 100, 961, 4, 1000, 29791, -8];0
[-15, 29, -6, 225, 841, 36, -3375, 24389, -216];0
[-40, 23, -10, 1600, 529, 100, -64000, 12167, -1000];0
[-65, 13, -14, 4225, 169, 196, -274625, 2197, -2744];0
[-90, -1, -18, 8100, 1, 324, -729000, -1, -5832];0
[-115, -19, -22, 13225, 361, 484, -1520875, -6859, -10648];1
[460, -11, 6, 211600, 121, 36, 97336000, -1331, 216];0
[435, -5, 2, 189225, 25, 4, 82312875, -125, 8];0
[410, -3, -2, 168100, 9, 4, 68921000, -27, -8];0
[385, -5, -6, 148225, 25, 36, 57066625, -125, -216];0
[360, -11, -10, 129600, 121, 100, 46656000, -1331, -1000];1
[335, 9, 16, 112225, 81, 256, 37595375, 729, 4096];1
[310, 25, 12, 96100, 625, 144, 29791000, 15625, 1728];0
[285, 37, 8, 81225, 1369, 64, 23149125, 50653, 512];0
[260, 45, 4, 67600, 2025, 16, 17576000, 91125, 64];0
[235, 49, 0, 55225, 2401, 0, 12977875, 117649, 0];0
[210, 49, -4, 44100, 2401, 16, 9261000, 117649, -64];0
[185, 45, -8, 34225, 2025, 64, 6331625, 91125, -512];0
[160, 37, -12, 25600, 1369, 144, 4096000, 50653, -1728];1
[135, 53, 12, 18225, 2809, 144, 2460375, 148877, 1728];0
[110, 65, 8, 12100, 4225, 64, 1331000, 274625, 512];0
[85, 73, 4, 7225, 5329, 16, 614125, 389017, 64];0
[60, 77, 0, 3600, 5929, 0, 216000, 456533, 0];0
[35, 77, -4, 1225, 5929, 16, 42875, 456533, -64];0
[10, 73, -8, 100, 5329, 64, 1000, 389017, -512];0
[-15, 65, -12, 225, 4225, 144, -3375, 274625, -1728];0
[-40, 53, -16, 1600, 2809, 256, -64000, 148877, -4096];0
[-65, 37, -20, 4225, 1369, 400, -274625, 50653, -8000];0
[-90, 17, -24, 8100, 289, 576, -729000, 4913, -13824];1
[-115, 31, 10, 13225, 961, 100, -1520875, 29791, 1000];0
[460, 150, 6, 211600, 22500, 36, 97336000, 3375000, 216];0
[435, 156, 2, 189225, 24336, 4, 82312875, 3796416, 8];0
[410, 158, -2, 168100, 24964, 4, 68921000, 3944312, -8];0
[385, 156, -6, 148225, 24336, 36, 57066625, 3796416, -216];0
[360, 150, -10, 129600, 22500, 100, 46656000, 3375000, -1000];0
[335, 140, -14, 112225, 19600, 196, 37595375, 2744000, -2744];0
[310, 126, -18, 96100, 15876, 324, 29791000, 2000376, -5832];0
[285, 108, -22, 81225, 11664, 484, 23149125, 1259712, -10648];0
[260, 86, -26, 67600, 7396, 676, 17576000, 636056, -17576];0
[235, 60, -30, 55225, 3600, 900, 12977875, 216000, -27000];1
[210, 72, 8, 44100, 5184, 64, 9261000, 373248, 512];0
[185, 80, 4, 34225, 6400, 16, 6331625, 512000, 64];0
[160, 84, 0, 25600, 7056, 0, 4096000, 592704, 0];0
[135, 84, -4, 18225, 7056, 16, 2460375, 592704, -64];0
[110, 80, -8, 12100, 6400, 64, 1331000, 512000, -512];0
[85, 72, -12, 7225, 5184, 144, 614125, 373248, -1728];0
[60, 60, -16, 3600, 3600, 256, 216000, 216000, -4096];1
[35, 79, 15, 1225, 6241, 225, 42875, 493039, 3375];0
[10, 94, 11, 100, 8836, 121, 1000, 830584, 1331];0
[-15, 105, 7, 225, 11025, 49, -3375, 1157625, 343];0
[-40, 112, 3, 1600, 12544, 9, -64000, 1404928, 27];0
[-65, 115, -1, 4225, 13225, 1, -274625, 1520875, -1];0
[-90, 114, -5, 8100, 12996, 25, -729000, 1481544, -125];0
[-115, 109, -9, 13225, 11881, 81, -1520875, 1295029, -729];0
[460, 7, -13, 211600, 49, 169, 97336000, 343, -2197];0
[435, -6, -17, 189225, 36, 289, 82312875, -216, -4913];0
[410, -23, -21, 168100, 529, 441, 68921000, -12167, -9261];1
[385, -8, 11, 148225, 64, 121, 57066625, -512, 1331];0
[360, 3, 7, 129600, 9, 49, 46656000, 27, 343];1
[335, 16, 9, 112225, 256, 81, 37595375, 4096, 729];0
[310, 25, 5, 96100, 625, 25, 29791000, 15625, 125];0
[285, 30, 1, 81225, 900, 1, 23149125, 27000, 1];0
[260, 31, -3, 67600, 961, 9, 17576000, 29791, -27];1
[235, 44, 9, 55225, 1936, 81, 12977875, 85184, 729];0
[210, 53, 5, 44100, 2809, 25, 9261000, 148877, 125];0
[185, 58, 1, 34225, 3364, 1, 6331625, 195112, 1];0
[160, 59, -3, 25600, 3481, 9, 4096000, 205379, -27];0
[135, 56, -7, 18225, 3136, 49, 2460375, 175616, -343];0
[110, 49, -11, 12100, 2401, 121, 1331000, 117649, -1331];1
[85, 67, 14, 7225, 4489, 196, 614125, 300763, 2744];0
[60, 81, 10, 3600, 6561, 100, 216000, 531441, 1000];0
[35, 91, 6, 1225, 8281, 36, 42875, 753571, 216];0
[10, 97, 2, 100, 9409, 4, 1000, 912673, 8];0
[-15, 99, -2, 225, 9801, 4, -3375, 970299, -8];0
[-40, 97, -6, 1600, 9409, 36, -64000, 912673, -216];0
[-65, 91, -10, 4225, 8281, 100, -274625, 753571, -1000];0
[-90, 81, -14, 8100, 6561, 196, -729000, 531441, -2744];0
[-115, 67, -18, 13225, 4489, 324, -1520875, 300763, -5832];0
[460, 139, -22, 211600, 19321, 484, 97336000, 2685619, -10648];0
[435, 117, -26, 189225, 13689, 676, 82312875, 1601613, -17576];0
[410, 91, -30, 168100, 8281, 900, 68921000, 753571, -27000];0
[385, 61, -34, 148225, 3721, 1156, 57066625, 226981, -39304];0
[360, 27, -38, 129600, 729, 1444, 46656000, 19683, -54872];0
[335, -11, -42, 112225, 121, 1764, 37595375, -1331, -74088];1
[310, 0, 7, 96100, 0, 49, 29791000, 0, 343];0
[285, 7, 3, 81225, 49, 9, 23149125, 343, 27];0
[260, 10, -1, 67600, 100, 1, 17576000, 1000, -1];1
[235, 31, 17, 55225, 961, 289, 12977875, 29791, 4913];0
[210, 48, 13, 44100, 2304, 169, 9261000, 110592, 2197];0
[185, 61, 9, 34225, 3721, 81, 6331625, 226981, 729];0
[160, 70, 5, 25600, 4900, 25, 4096000, 343000, 125];0
[135, 75, 1, 18225, 5625, 1, 2460375, 421875, 1];0
[110, 76, -3, 12100, 5776, 9, 1331000, 438976, -27];0
[85, 73, -7, 7225, 5329, 49, 614125, 389017, -343];0
[60, 66, -11, 3600, 4356, 121, 216000, 287496, -1331];0
[35, 55, -15, 1225, 3025, 225, 42875, 166375, -3375];1
[10, 76, 17, 100, 5776, 289, 1000, 438976, 4913];0
[-15, 93, 13, 225, 8649, 169, -3375, 804357, 2197];0
[-40, 106, 9, 1600, 11236, 81, -64000, 1191016, 729];0
[-65, 115, 5, 4225, 13225, 25, -274625, 1520875, 125];0
[-90, 120, 1, 8100, 14400, 1, -729000, 1728000, 1];0
[-115, 121, -3, 13225, 14641, 9, -1520875, 1771561, -27];0
[460, 121, -7, 211600, 14641, 49, 97336000, 1771561, -343];0
[435, 114, -11, 189225, 12996, 121, 82312875, 1481544, -1331];0
[410, 103, -15, 168100, 10609, 225, 68921000, 1092727, -3375];0
[385, 88, -19, 148225, 7744, 361, 57066625, 681472, -6859];0
[360, 69, -23, 129600, 4761, 529, 46656000, 328509, -12167];0
[335, 46, -27, 112225, 2116, 729, 37595375, 97336, -19683];1
[310, 61, 11, 96100, 3721, 121, 29791000, 226981, 1331];0
[285, 72, 7, 81225, 5184, 49, 23149125, 373248, 343];0
[260, 79, 3, 67600, 6241, 9, 17576000, 493039, 27];0
[235, 82, -1, 55225, 6724, 1, 12977875, 551368, -1];0
[210, 81, -5, 44100, 6561, 25, 9261000, 531441, -125];0
[185, 76, -9, 34225, 5776, 81, 6331625, 438976, -729];0
[160, 67, -13, 25600, 4489, 169, 4096000, 300763, -2197];0
[135, 54, -17, 18225, 2916, 289, 2460375, 157464, -4913];1
[110, 67, 9, 12100, 4489, 81, 1331000, 300763, 729];0
[85, 76, 5, 7225, 5776, 25, 614125, 438976, 125];0
[60, 81, 1, 3600, 6561, 1, 216000, 531441, 1];0
[35, 82, -3, 1225, 6724, 9, 42875, 551368, -27];0
[10, 79, -7, 100, 6241, 49, 1000, 493039, -343];0
[-15, 72, -11, 225, 5184, 121, -3375, 373248, -1331];0
[-40, 61, -15, 1600, 3721, 225, -64000, 226981, -3375];0
[-65, 46, -19, 4225, 2116, 361, -274625, 97336, -6859];1
[-90, 66, 16, 8100, 4356, 256, -729000, 287496, 4096];0
[-115, 82, 12, 13225, 6724, 144, -1520875, 551368, 1728];0
[460, 37, 8, 211600, 1369, 64, 97336000, 50653, 512];0
[435, 45, 4, 189225, 2025, 16, 82312875, 91125, 64];0
[410, 49, 0, 168100, 2401, 0, 68921000, 117649, 0];0
[385, 49, -4, 148225, 2401, 16, 57066625, 117649, -64];0
[360, 45, -8, 129600, 2025, 64, 46656000, 91125, -512];0
[335, 37, -12, 112225, 1369, 144, 37595375, 50653, -1728];1
[310, 48, 7, 96100, 2304, 49, 29791000, 110592, 343];0
[285, 55, 3, 81225, 3025, 9, 23149125, 166375, 27];0
[260, 58, -1, 67600, 3364, 1, 17576000, 195112, -1];0
[235, 57, -5, 55225, 3249, 25, 12977875, 185193, -125];0
[210, 52, -9, 44100, 2704, 81, 9261000, 140608, -729];0
[185, 43, -13, 34225, 1849, 169, 6331625, 79507, -2197];0
[160, 30, -17, 25600, 900, 289, 4096000, 27000, -4913];1
[135, 43, 9, 18225, 1849, 81, 2460375, 79507, 729];0
[110, 52, 5, 12100, 2704, 25, 1331000, 140608, 125];0
[85, 57, 1, 7225, 3249, 1, 614125, 185193, 1];0
[60, 58, -3, 3600, 3364, 9, 216000, 195112, -27];0
[35, 55, -7, 1225, 3025, 49, 42875, 166375, -343];0
[10, 48, -11, 100, 2304, 121, 1000, 110592, -1331];1
[-15, 66, 14, 225, 4356, 196, -3375, 287496, 2744];0
[-40, 80, 10, 1600, 6400, 100, -64000, 512000, 1000];0
[-65, 90, 6, 4225, 8100, 36, -274625, 729000, 216];0
[-90, 96, 2, 8100, 9216, 4, -729000, 884736, 8];0
[-115, 98, -2, 13225, 9604, 4, -1520875, 941192, -8];0
[460, 155, -6, 211600, 24025, 36, 97336000, 3723875, -216];0
[435, 149, -10, 189225, 22201, 100, 82312875, 3307949, -1000];0
[410, 139, -14, 168100, 19321, 196, 68921000, 2685619, -2744];0
[385, 125, -18, 148225, 15625, 324, 57066625, 1953125, -5832];0
[360, 107, -22, 129600, 11449, 484, 46656000, 1225043, -10648];0
[335, 85, -26, 112225, 7225, 676, 37595375, 614125, -17576];1
[310, 100, 11, 96100, 10000, 121, 29791000, 1000000, 1331];0
[285, 111, 7, 81225, 12321, 49, 23149125, 1367631, 343];0
[260, 118, 3, 67600, 13924, 9, 17576000, 1643032, 27];0
[235, 121, -1, 55225, 14641, 1, 12977875, 1771561, -1];0
[210, 120, -5, 44100, 14400, 25, 9261000, 1728000, -125];0
[185, 115, -9, 34225, 13225, 81, 6331625, 1520875, -729];0
[160, 106, -13, 25600, 11236, 169, 4096000, 1191016, -2197];0
[135, 93, -17, 18225, 8649, 289, 2460375, 804357, -4913];0
[110, 76, -21, 12100, 5776, 441, 1331000, 438976, -9261];0
[85, 55, -25, 7225, 3025, 625, 614125, 166375, -15625];0
[60, 30, -29, 3600, 900, 841, 216000, 27000, -24389];1
[35, 47, 13, 1225, 2209, 169, 42875, 103823, 2197];0
[10, 60, 9, 100, 3600, 81, 1000, 216000, 729];0
[-15, 69, 5, 225, 4761, 25, -3375, 328509, 125];0
[-40, 74, 1, 1600, 5476, 1, -64000, 405224, 1];0
[-65, 75, -3, 4225, 5625, 9, -274625, 421875, -27];0
[-90, 72, -7, 8100, 5184, 49, -729000, 373248, -343];0
[-115, 65, -11, 13225, 4225, 121, -1520875, 274625, -1331];1
[460, 17, 11, 211600, 289, 121, 97336000, 4913, 1331];0
[435, 28, 7, 189225, 784, 49, 82312875, 21952, 343];0
[410, 35, 3, 168100, 1225, 9, 68921000, 42875, 27];0
[385, 38, -1, 148225, 1444, 1, 57066625, 54872, -1];0
[360, 37, -5, 129600, 1369, 25, 46656000, 50653, -125];0
[335, 32, -9, 112225, 1024, 81, 37595375, 32768, -729];0
[310, 23, -13, 96100, 529, 169, 29791000, 12167, -2197];1
[285, 43, 16, 81225, 1849, 256, 23149125, 79507, 4096];0
[260, 59, 12, 67600, 3481, 144, 17576000, 205379, 1728];0
[235, 71, 8, 55225, 5041, 64, 12977875, 357911, 512];0
[210, 79, 4, 44100, 6241, 16, 9261000, 493039, 64];0
[185, 83, 0, 34225, 6889, 0, 6331625, 571787, 0];0
[160, 83, -4, 25600, 6889, 16, 4096000, 571787, -64];0
[135, 79, -8, 18225, 6241, 64, 2460375, 493039, -512];0
[110, 71, -12, 12100, 5041, 144, 1331000, 357911, -1728];0
[85, 59, -16, 7225, 3481, 256, 614125, 205379, -4096];0
[60, 43, -20, 3600, 1849, 400, 216000, 79507, -8000];1
[35, 59, 12, 1225, 3481, 144, 42875, 205379, 1728];0
[10, 71, 8, 100, 5041, 64, 1000, 357911, 512];0
[-15, 79, 4, 225, 6241, 16, -3375, 493039, 64];0
[-40, 83, 0, 1600, 6889, 0, -64000, 571787, 0];0
[-65, 83, -4, 4225, 6889, 16, -274625, 571787, -64];0
[-90, 79, -8, 8100, 6241, 64, -729000, 493039, -512];0
[-115, 71, -12, 13225, 5041, 144, -1520875, 357911, -1728];0
[460, 116, -16, 211600, 13456, 256, 97336000, 1560896, -4096];0
[435, 100, -20, 189225, 10000, 400, 82312875, 1000000, -8000];0
[410, 80, -24, 168100, 6400, 576, 68921000, 512000, -13824];0
[385, 56, -28, 148225, 3136, 784, 57066625, 175616, -21952];0
[360, 28, -32, 129600, 784, 1024, 46656000, 21952, -32768];1
[335, 43, 11, 112225, 1849, 121, 37595375, 79507, 1331];0
[310, 54, 7, 96100, 2916, 49, 29791000, 157464, 343];0
[285, 61, 3, 81225, 3721, 9, 23149125, 226981, 27];0
[260, 64, -1, 67600, 4096, 1, 17576000, 262144, -1];0
[235, 63, -5, 55225, 3969, 25, 12977875, 250047, -125];1
[210, 80, 13, 44100, 6400, 169, 9261000, 512000, 2197];0
[185, 93, 9, 34225, 8649, 81, 6331625, 804357, 729];0
[160, 102, 5, 25600, 10404, 25, 4096000, 1061208, 125];0
[135, 107, 1, 18225, 11449, 1, 2460375, 1225043, 1];0
[110, 108, -3, 12100, 11664, 9, 1331000, 1259712, -27];0
[85, 105, -7, 7225, 11025, 49, 614125, 1157625, -343];0
[60, 98, -11, 3600, 9604, 121, 216000, 941192, -1331];0
[35, 87, -15, 1225, 7569, 225, 42875, 658503, -3375];0
[10, 72, -19, 100, 5184, 361, 1000, 373248, -6859];1
[-15, 80, 4, 225, 6400, 16, -3375, 512000, 64];0
[-40, 84, 0, 1600, 7056, 0, -64000, 592704, 0];0
[-65, 84, -4, 4225, 7056, 16, -274625, 592704, -64];0
[-90, 80, -8, 8100, 6400, 64, -729000, 512000, -512];0
[-115, 72, -12, 13225, 5184, 144, -1520875, 373248, -1728];0
[460, -24, -16, 211600, 576, 256, 97336000, -13824, -4096];1
[435, -4, 16, 189225, 16, 256, 82312875, -64, 4096];0
[410, 12, 12, 168100, 144, 144, 68921000, 1728, 1728];0
[385, 24, 8, 148225, 576, 64, 57066625, 13824, 512];0
[360, 32, 4, 129600, 1024, 16, 46656000, 32768, 64];0
[335, 36, 0, 112225, 1296, 0, 37595375, 46656, 0];0
[310, 36, -4, 96100, 1296, 16, 29791000, 46656, -64];1
[285, 48, 8, 81225, 2304, 64, 23149125, 110592, 512];0
[260, 56, 4, 67600, 3136, 16, 17576000, 175616, 64];0
[235, 60, 0, 55225, 3600, 0, 12977875, 216000, 0];0
[210, 60, -4, 44100, 3600, 16, 9261000, 216000, -64];0
[185, 56, -8, 34225, 3136, 64, 6331625, 175616, -512];0
[160, 48, -12, 25600, 2304, 144, 4096000, 110592, -1728];1
[135, 58, 6, 18225, 3364, 36, 2460375, 195112, 216];0
[110, 64, 2, 12100, 4096, 4, 1331000, 262144, 8];0
[85, 66, -2, 7225, 4356, 4, 614125, 287496, -8];0
[60, 64, -6, 3600, 4096, 36, 216000, 262144, -216];0
[35, 58, -10, 1225, 3364, 100, 42875, 195112, -1000];0
[10, 48, -14, 100, 2304, 196, 1000, 110592, -2744];0
[-15, 34, -18, 225, 1156, 324, -3375, 39304, -5832];0
[-40, 16, -22, 1600, 256, 484, -64000, 4096, -10648];0
[-65, -6, -26, 4225, 36, 676, -274625, -216, -17576];1
[-90, 12, 14, 8100, 144, 196, -729000, 1728, 2744];0
[-115, 26, 10, 13225, 676, 100, -1520875, 17576, 1000];0
[460, 96, 6, 211600, 9216, 36, 97336000, 884736, 216];0
[435, 102, 2, 189225, 10404, 4, 82312875, 1061208, 8];0
[410, 104, -2, 168100, 10816, 4, 68921000, 1124864, -8];0
[385, 102, -6, 148225, 10404, 36, 57066625, 1061208, -216];0
[360, 96, -10, 129600, 9216, 100, 46656000, 884736, -1000];0
[335, 86, -14, 112225, 7396, 196, 37595375, 636056, -2744];0
[310, 72, -18, 96100, 5184, 324, 29791000, 373248, -5832];1
[285, 91, 15, 81225, 8281, 225, 23149125, 753571, 3375];0
[260, 106, 11, 67600, 11236, 121, 17576000, 1191016, 1331];0
[235, 117, 7, 55225, 13689, 49, 12977875, 1601613, 343];0
[210, 124, 3, 44100, 15376, 9, 9261000, 1906624, 27];0
[185, 127, -1, 34225, 16129, 1, 6331625, 2048383, -1];0
[160, 126, -5, 25600, 15876, 25, 4096000, 2000376, -125];0
[135, 121, -9, 18225, 14641, 81, 2460375, 1771561, -729];0
[110, 112, -13, 12100, 12544, 169, 1331000, 1404928, -2197];0
[85, 99, -17, 7225, 9801, 289, 614125, 970299, -4913];0
[60, 82, -21, 3600, 6724, 441, 216000, 551368, -9261];0
[35, 61, -25, 1225, 3721, 625, 42875, 226981, -15625];1
[10, 76, 11, 100, 5776, 121, 1000, 438976, 1331];0
[-15, 87, 7, 225, 7569, 49, -3375, 658503, 343];0
[-40, 94, 3, 1600, 8836, 9, -64000, 830584, 27];0
[-65, 97, -1, 4225, 9409, 1, -274625, 912673, -1];0
[-90, 96, -5, 8100, 9216, 25, -729000, 884736, -125];0
[-115, 91, -9, 13225, 8281, 81, -1520875, 753571, -729];0
[460, 47, -13, 211600, 2209, 169, 97336000, 103823, -2197];0
[435, 34, -17, 189225, 1156, 289, 82312875, 39304, -4913];1
[410, 50, 12, 168100, 2500, 144, 68921000, 125000, 1728];0
[385, 62, 8, 148225, 3844, 64, 57066625, 238328, 512];0
[360, 70, 4, 129600, 4900, 16, 46656000, 343000, 64];0
[335, 74, 0, 112225, 5476, 0, 37595375, 405224, 0];0
[310, 74, -4, 96100, 5476, 16, 29791000, 405224, -64];0
[285, 70, -8, 81225, 4900, 64, 23149125, 343000, -512];0
[260, 62, -12, 67600, 3844, 144, 17576000, 238328, -1728];0
[235, 50, -16, 55225, 2500, 256, 12977875, 125000, -4096];1
[210, 71, 17, 44100, 5041, 289, 9261000, 357911, 4913];0
[185, 88, 13, 34225, 7744, 169, 6331625, 681472, 2197];0
[160, 101, 9, 25600, 10201, 81, 4096000, 1030301, 729];0
[135, 110, 5, 18225, 12100, 25, 2460375, 1331000, 125];0
[110, 115, 1, 12100, 13225, 1, 1331000, 1520875, 1];0
[85, 116, -3, 7225, 13456, 9, 614125, 1560896, -27];0
[60, 113, -7, 3600, 12769, 49, 216000, 1442897, -343];0
[35, 106, -11, 1225, 11236, 121, 42875, 1191016, -1331];0
[10, 95, -15, 100, 9025, 225, 1000, 857375, -3375];0
[-15, 80, -19, 225, 6400, 361, -3375, 512000, -6859];0
[-40, 61, -23, 1600, 3721, 529, -64000, 226981, -12167];1
[-65, 75, 10, 4225, 5625, 100, -274625, 421875, 1000];0
[-90, 85, 6, 8100, 7225, 36, -729000, 614125, 216];0
[-115, 91, 2, 13225, 8281, 4, -1520875, 753571, 8];0
[460, 89, -2, 211600, 7921, 4, 97336000, 704969, -8];0
[435, 87, -6, 189225, 7569, 36, 82312875, 658503, -216];0
[410, 81, -10, 168100, 6561, 100, 68921000, 531441, -1000];0
[385, 71, -14, 148225, 5041, 196, 57066625, 357911, -2744];1
[360, 86, 11, 129600, 7396, 121, 46656000, 636056, 1331];0
[335, 97, 7, 112225, 9409, 49, 37595375, 912673, 343];0
[310, 104, 3, 96100, 10816, 9, 29791000, 1124864, 27];0
[285, 107, -1, 81225, 11449, 1, 23149125, 1225043, -1];0
[260, 106, -5, 67600, 11236, 25, 17576000, 1191016, -125];0
[235, 101, -9, 55225, 10201, 81, 12977875, 1030301, -729];0
[210, 92, -13, 44100, 8464, 169, 9261000, 778688, -2197];0
[185, 79, -17, 34225, 6241, 289, 6331625, 493039, -4913];0
[160, 62, -21, 25600, 3844, 441, 4096000, 238328, -9261];1
[135, 78, 12, 18225, 6084, 144, 2460375, 474552, 1728];0
[110, 90, 8, 12100, 8100, 64, 1331000, 729000, 512];0
[85, 98, 4, 7225, 9604, 16, 614125, 941192, 64];0
[60, 102, 0, 3600, 10404, 0, 216000, 1061208, 0];0
[35, 102, -4, 1225, 10404, 16, 42875, 1061208, -64];0
[10, 98, -8, 100, 9604, 64, 1000, 941192, -512];0
[-15, 90, -12, 225, 8100, 144, -3375, 729000, -1728];0
[-40, 78, -16, 1600, 6084, 256, -64000, 474552, -4096];0
[-65, 62, -20, 4225, 3844, 400, -274625, 238328, -8000];1
[-90, 81, 15, 8100, 6561, 225, -729000, 531441, 3375];0
[-115, 96, 11, 13225, 9216, 121, -1520875, 884736, 1331];0
[460, 144, 7, 211600, 20736, 49, 97336000, 2985984, 343];0
[435, 151, 3, 189225, 22801, 9, 82312875, 3442951, 27];0
[410, 154, -1, 168100, 23716, 1, 68921000, 3652264, -1];0
[385, 153, -5, 148225, 23409, 25, 57066625, 3581577, -125];0
[360, 148, -9, 129600, 21904, 81, 46656000, 3241792, -729];0
[335, 139, -13, 112225, 19321, 169, 37595375, 2685619, -2197];0
[310, 126, -17, 96100, 15876, 289, 29791000, 2000376, -4913];0
[285, 109, -21, 81225, 11881, 441, 23149125, 1295029, -9261];0
[260, 88, -25, 67600, 7744, 625, 17576000, 681472, -15625];1
[235, 104, 12, 55225, 10816, 144, 12977875, 1124864, 1728];0
[210, 116, 8, 44100, 13456, 64, 9261000, 1560896, 512];0
[185, 124, 4, 34225, 15376, 16, 6331625, 1906624, 64];0
[160, 128, 0, 25600, 16384, 0, 4096000, 2097152, 0];0
[135, 128, -4, 18225, 16384, 16, 2460375, 2097152, -64];0
[110, 124, -8, 12100, 15376, 64, 1331000, 1906624, -512];0
[85, 116, -12, 7225, 13456, 144, 614125, 1560896, -1728];0
[60, 104, -16, 3600, 10816, 256, 216000, 1124864, -4096];0
[35, 88, -20, 1225, 7744, 400, 42875, 681472, -8000];0
[10, 68, -24, 100, 4624, 576, 1000, 314432, -13824];1
[-15, 84, 12, 225, 7056, 144, -3375, 592704, 1728];0
[-40, 96, 8, 1600, 9216, 64, -64000, 884736, 512];0
[-65, 104, 4, 4225, 10816, 16, -274625, 1124864, 64];0
[-90, 108, 0, 8100, 11664, 0, -729000, 1259712, 0];0
[-115, 108, -4, 13225, 11664, 16, -1520875, 1259712, -64];0
[460, 54, -8, 211600, 2916, 64, 97336000, 157464, -512];0
[435, 46, -12, 189225, 2116, 144, 82312875, 97336, -1728];0
[410, 34, -16, 168100, 1156, 256, 68921000, 39304, -4096];0
[385, 18, -20, 148225, 324, 400, 57066625, 5832, -8000];1
[360, 35, 13, 129600, 1225, 169, 46656000, 42875, 2197];0
[335, 48, 9, 112225, 2304, 81, 37595375, 110592, 729];0
[310, 57, 5, 96100, 3249, 25, 29791000, 185193, 125];0
[285, 62, 1, 81225, 3844, 1, 23149125, 238328, 1];0
[260, 63, -3, 67600, 3969, 9, 17576000, 250047, -27];0
[235, 60, -7, 55225, 3600, 49, 12977875, 216000, -343];0
[210, 53, -11, 44100, 2809, 121, 9261000, 148877, -1331];1
[185, 67, 10, 34225, 4489, 100, 6331625, 300763, 1000];0
[160, 77, 6, 25600, 5929, 36, 4096000, 456533, 216];1
[135, 92, 11, 18225, 8464, 121, 2460375, 778688, 1331];0
[110, 103, 7, 12100, 10609, 49, 1331000, 1092727, 343];0
[85, 110, 3, 7225, 12100, 9, 614125, 1331000, 27];0
[60, 113, -1, 3600, 12769, 1, 216000, 1442897, -1];0
[35, 112, -5, 1225, 12544, 25, 42875, 1404928, -125];0
[10, 107, -9, 100, 11449, 81, 1000, 1225043, -729];0
[-15, 98, -13, 225, 9604, 169, -3375, 941192, -2197];0
[-40, 85, -17, 1600, 7225, 289, -64000, 614125, -4913];0
[-65, 68, -21, 4225, 4624, 441, -274625, 314432, -9261];0
[-90, 47, -25, 8100, 2209, 625, -729000, 103823, -15625];0
[-115, 22, -29, 13225, 484, 841, -1520875, 10648, -24389];1
[460, 71, 14, 211600, 5041, 196, 97336000, 357911, 2744];0
[435, 85, 10, 189225, 7225, 100, 82312875, 614125, 1000];0
[410, 95, 6, 168100, 9025, 36, 68921000, 857375, 216];0
[385, 101, 2, 148225, 10201, 4, 57066625, 1030301, 8];0
[360, 103, -2, 129600, 10609, 4, 46656000, 1092727, -8];0
[335, 101, -6, 112225, 10201, 36, 37595375, 1030301, -216];0
[310, 95, -10, 96100, 9025, 100, 29791000, 857375, -1000];0
[285, 85, -14, 81225, 7225, 196, 23149125, 614125, -2744];0
[260, 71, -18, 67600, 5041, 324, 17576000, 357911, -5832];1
[235, 82, 7, 55225, 6724, 49, 12977875, 551368, 343];0
[210, 89, 3, 44100, 7921, 9, 9261000, 704969, 27];0
[185, 92, -1, 34225, 8464, 1, 6331625, 778688, -1];0
[160, 91, -5, 25600, 8281, 25, 4096000, 753571, -125];0
[135, 86, -9, 18225, 7396, 81, 2460375, 636056, -729];0
[110, 77, -13, 12100, 5929, 169, 1331000, 456533, -2197];1
[85, 93, 12, 7225, 8649, 144, 614125, 804357, 1728];0
[60, 105, 8, 3600, 11025, 64, 216000, 1157625, 512];0
[35, 113, 4, 1225, 12769, 16, 42875, 1442897, 64];0
[10, 117, 0, 100, 13689, 0, 1000, 1601613, 0];0
[-15, 117, -4, 225, 13689, 16, -3375, 1601613, -64];0
[-40, 113, -8, 1600, 12769, 64, -64000, 1442897, -512];0
[-65, 105, -12, 4225, 11025, 144, -274625, 1157625, -1728];0
[-90, 93, -16, 8100, 8649, 256, -729000, 804357, -4096];0
[-115, 77, -20, 13225, 5929, 400, -1520875, 456533, -8000];0
[460, 24, -24, 211600, 576, 576, 97336000, 13824, -13824];1
[435, 45, 17, 189225, 2025, 289, 82312875, 91125, 4913];0
[410, 62, 13, 168100, 3844, 169, 68921000, 238328, 2197];0
[385, 75, 9, 148225, 5625, 81, 57066625, 421875, 729];0
[360, 84, 5, 129600, 7056, 25, 46656000, 592704, 125];0
[335, 89, 1, 112225, 7921, 1, 37595375, 704969, 1];0
[310, 90, -3, 96100, 8100, 9, 29791000, 729000, -27];0
[285, 87, -7, 81225, 7569, 49, 23149125, 658503, -343];0
[260, 80, -11, 67600, 6400, 121, 17576000, 512000, -1331];0
[235, 69, -15, 55225, 4761, 225, 12977875, 328509, -3375];0
[210, 54, -19, 44100, 2916, 361, 9261000, 157464, -6859];1
[185, 68, 10, 34225, 4624, 100, 6331625, 314432, 1000];0
[160, 78, 6, 25600, 6084, 36, 4096000, 474552, 216];0
[135, 84, 2, 18225, 7056, 4, 2460375, 592704, 8];0
[110, 86, -2, 12100, 7396, 4, 1331000, 636056, -8];0
[85, 84, -6, 7225, 7056, 36, 614125, 592704, -216];0
[60, 78, -10, 3600, 6084, 100, 216000, 474552, -1000];0
[35, 68, -14, 1225, 4624, 196, 42875, 314432, -2744];0
[10, 54, -18, 100, 2916, 324, 1000, 157464, -5832];0
[-15, 36, -22, 225, 1296, 484, -3375, 46656, -10648];1
[-40, 56, 16, 1600, 3136, 256, -64000, 175616, 4096];0
[-65, 72, 12, 4225, 5184, 144, -274625, 373248, 1728];0
[-90, 84, 8, 8100, 7056, 64, -729000, 592704, 512];0
[-115, 92, 4, 13225, 8464, 16, -1520875, 778688, 64];0
[460, 194, 0, 211600, 37636, 0, 97336000, 7301384, 0];0
[435, 194, -4, 189225, 37636, 16, 82312875, 7301384, -64];0
[410, 190, -8, 168100, 36100, 64, 68921000, 6859000, -512];0
[385, 182, -12, 148225, 33124, 144, 57066625, 6028568, -1728];0
[360, 170, -16, 129600, 28900, 256, 46656000, 4913000, -4096];0
[335, 154, -20, 112225, 23716, 400, 37595375, 3652264, -8000];0
[310, 134, -24, 96100, 17956, 576, 29791000, 2406104, -13824];0
[285, 110, -28, 81225, 12100, 784, 23149125, 1331000, -21952];0
[260, 82, -32, 67600, 6724, 1024, 17576000, 551368, -32768];1
[235, 96, 10, 55225, 9216, 100, 12977875, 884736, 1000];0
[210, 106, 6, 44100, 11236, 36, 9261000, 1191016, 216];0
[185, 112, 2, 34225, 12544, 4, 6331625, 1404928, 8];0
[160, 114, -2, 25600, 12996, 4, 4096000, 1481544, -8];0
[135, 112, -6, 18225, 12544, 36, 2460375, 1404928, -216];0
[110, 106, -10, 12100, 11236, 100, 1331000, 1191016, -1000];0
[85, 96, -14, 7225, 9216, 196, 614125, 884736, -2744];0
[60, 82, -18, 3600, 6724, 324, 216000, 551368, -5832];1
[35, 101, 15, 1225, 10201, 225, 42875, 1030301, 3375];0
[10, 116, 11, 100, 13456, 121, 1000, 1560896, 1331];0
[-15, 127, 7, 225, 16129, 49, -3375, 2048383, 343];0
[-40, 134, 3, 1600, 17956, 9, -64000, 2406104, 27];0
[-65, 137, -1, 4225, 18769, 1, -274625, 2571353, -1];0
[-90, 136, -5, 8100, 18496, 25, -729000, 2515456, -125];0
[-115, 131, -9, 13225, 17161, 81, -1520875, 2248091, -729];0
[460, 15, -13, 211600, 225, 169, 97336000, 3375, -2197];0
[435, 2, -17, 189225, 4, 289, 82312875, 8, -4913];1
[410, 22, 16, 168100, 484, 256, 68921000, 10648, 4096];0
[385, 38, 12, 148225, 1444, 144, 57066625, 54872, 1728];0
[360, 50, 8, 129600, 2500, 64, 46656000, 125000, 512];0
[335, 58, 4, 112225, 3364, 16, 37595375, 195112, 64];0
[310, 62, 0, 96100, 3844, 0, 29791000, 238328, 0];0
[285, 62, -4, 81225, 3844, 16, 23149125, 238328, -64];0
[260, 58, -8, 67600, 3364, 64, 17576000, 195112, -512];0
[235, 50, -12, 55225, 2500, 144, 12977875, 125000, -1728];1
[210, 69, 15, 44100, 4761, 225, 9261000, 328509, 3375];0
[185, 84, 11, 34225, 7056, 121, 6331625, 592704, 1331];0
[160, 95, 7, 25600, 9025, 49, 4096000, 857375, 343];0
[135, 102, 3, 18225, 10404, 9, 2460375, 1061208, 27];0
[110, 105, -1, 12100, 11025, 1, 1331000, 1157625, -1];0
[85, 104, -5, 7225, 10816, 25, 614125, 1124864, -125];0
[60, 99, -9, 3600, 9801, 81, 216000, 970299, -729];0
[35, 90, -13, 1225, 8100, 169, 42875, 729000, -2197];0
[10, 77, -17, 100, 5929, 289, 1000, 456533, -4913];0
[-15, 60, -21, 225, 3600, 441, -3375, 216000, -9261];0
[-40, 39, -25, 1600, 1521, 625, -64000, 59319, -15625];1
[-65, 49, 6, 4225, 2401, 36, -274625, 117649, 216];0
[-90, 55, 2, 8100, 3025, 4, -729000, 166375, 8];0
[-115, 57, -2, 13225, 3249, 4, -1520875, 185193, -8];0
[460, 164, -6, 211600, 26896, 36, 97336000, 4410944, -216];0
[435, 158, -10, 189225, 24964, 100, 82312875, 3944312, -1000];0
[410, 148, -14, 168100, 21904, 196, 68921000, 3241792, -2744];0
[385, 134, -18, 148225, 17956, 324, 57066625, 2406104, -5832];0
[360, 116, -22, 129600, 13456, 484, 46656000, 1560896, -10648];0
[335, 94, -26, 112225, 8836, 676, 37595375, 830584, -17576];0
[310, 68, -30, 96100, 4624, 900, 29791000, 314432, -27000];1
[285, 83, 11, 81225, 6889, 121, 23149125, 571787, 1331];0
[260, 94, 7, 67600, 8836, 49, 17576000, 830584, 343];0
[235, 101, 3, 55225, 10201, 9, 12977875, 1030301, 27];0
[210, 104, -1, 44100, 10816, 1, 9261000, 1124864, -1];0
[185, 103, -5, 34225, 10609, 25, 6331625, 1092727, -125];0
[160, 98, -9, 25600, 9604, 81, 4096000, 941192, -729];0
[135, 89, -13, 18225, 7921, 169, 2460375, 704969, -2197];0
[110, 76, -17, 12100, 5776, 289, 1331000, 438976, -4913];1
[85, 95, 15, 7225, 9025, 225, 614125, 857375, 3375];0
[60, 110, 11, 3600, 12100, 121, 216000, 1331000, 1331];0
[35, 121, 7, 1225, 14641, 49, 42875, 1771561, 343];0
[10, 128, 3, 100, 16384, 9, 1000, 2097152, 27];0
[-15, 131, -1, 225, 17161, 1, -3375, 2248091, -1];0
[-40, 130, -5, 1600, 16900, 25, -64000, 2197000, -125];0
[-65, 125, -9, 4225, 15625, 81, -274625, 1953125, -729];0
[-90, 116, -13, 8100, 13456, 169, -729000, 1560896, -2197];1
[-115, 130, 10, 13225, 16900, 100, -1520875, 2197000, 1000];0
[460, 135, 6, 211600, 18225, 36, 97336000, 2460375, 216];0
[435, 141, 2, 189225, 19881, 4, 82312875, 2803221, 8];0
[410, 143, -2, 168100, 20449, 4, 68921000, 2924207, -8];0
[385, 141, -6, 148225, 19881, 36, 57066625, 2803221, -216];0
[360, 135, -10, 129600, 18225, 100, 46656000, 2460375, -1000];0
[335, 125, -14, 112225, 15625, 196, 37595375, 1953125, -2744];0
[310, 111, -18, 96100, 12321, 324, 29791000, 1367631, -5832];0
[285, 93, -22, 81225, 8649, 484, 23149125, 804357, -10648];0
[260, 71, -26, 67600, 5041, 676, 17576000, 357911, -17576];0
[235, 45, -30, 55225, 2025, 900, 12977875, 91125, -27000];1
[210, 63, 14, 44100, 3969, 196, 9261000, 250047, 2744];0
[185, 77, 10, 34225, 5929, 100, 6331625, 456533, 1000];0
[160, 87, 6, 25600, 7569, 36, 4096000, 658503, 216];0
[135, 93, 2, 18225, 8649, 4, 2460375, 804357, 8];0
[110, 95, -2, 12100, 9025, 4, 1331000, 857375, -8];0
[85, 93, -6, 7225, 8649, 36, 614125, 804357, -216];0
[60, 87, -10, 3600, 7569, 100, 216000, 658503, -1000];0
[35, 77, -14, 1225, 5929, 196, 42875, 456533, -2744];1
[10, 99, 18, 100, 9801, 324, 1000, 970299, 5832];0
[-15, 117, 14, 225, 13689, 196, -3375, 1601613, 2744];0
[-40, 131, 10, 1600, 17161, 100, -64000, 2248091, 1000];0
[-65, 141, 6, 4225, 19881, 36, -274625, 2803221, 216];0
[-90, 147, 2, 8100, 21609, 4, -729000, 3176523, 8];0
[-115, 149, -2, 13225, 22201, 4, -1520875, 3307949, -8];0
[460, 47, -6, 211600, 2209, 36, 97336000, 103823, -216];0
[435, 41, -10, 189225, 1681, 100, 82312875, 68921, -1000];0
[410, 31, -14, 168100, 961, 196, 68921000, 29791, -2744];0
[385, 17, -18, 148225, 289, 324, 57066625, 4913, -5832];1
[360, 35, 14, 129600, 1225, 196, 46656000, 42875, 2744];0
[335, 49, 10, 112225, 2401, 100, 37595375, 117649, 1000];0
[310, 59, 6, 96100, 3481, 36, 29791000, 205379, 216];0
[285, 65, 2, 81225, 4225, 4, 23149125, 274625, 8];0
[260, 67, -2, 67600, 4489, 4, 17576000, 300763, -8];0
[235, 65, -6, 55225, 4225, 36, 12977875, 274625, -216];0
[210, 59, -10, 44100, 3481, 100, 9261000, 205379, -1000];0
[185, 49, -14, 34225, 2401, 196, 6331625, 117649, -2744];1
[160, 62, 9, 25600, 3844, 81, 4096000, 238328, 729];0
[135, 71, 5, 18225, 5041, 25, 2460375, 357911, 125];0
[110, 76, 1, 12100, 5776, 1, 1331000, 438976, 1];0
[85, 77, -3, 7225, 5929, 9, 614125, 456533, -27];0
[60, 74, -7, 3600, 5476, 49, 216000, 405224, -343];0
[35, 67, -11, 1225, 4489, 121, 42875, 300763, -1331];0
[10, 56, -15, 100, 3136, 225, 1000, 175616, -3375];0
[-15, 41, -19, 225, 1681, 361, -3375, 68921, -6859];0
[-40, 22, -23, 1600, 484, 529, -64000, 10648, -12167];1
[-65, 33, 7, 4225, 1089, 49, -274625, 35937, 343];0
[-90, 40, 3, 8100, 1600, 9, -729000, 64000, 27];0
[-115, 43, -1, 13225, 1849, 1, -1520875, 79507, -1];0
[460, 42, -5, 211600, 1764, 25, 97336000, 74088, -125];0
[435, 37, -9, 189225, 1369, 81, 82312875, 50653, -729];0
[410, 28, -13, 168100, 784, 169, 68921000, 21952, -2197];0
[385, 15, -17, 148225, 225, 289, 57066625, 3375, -4913];1
[360, 32, 13, 129600, 1024, 169, 46656000, 32768, 2197];0
[335, 45, 9, 112225, 2025, 81, 37595375, 91125, 729];0
[310, 54, 5, 96100, 2916, 25, 29791000, 157464, 125];0
[285, 59, 1, 81225, 3481, 1, 23149125, 205379, 1];0
[260, 60, -3, 67600, 3600, 9, 17576000, 216000, -27];0
[235, 57, -7, 55225, 3249, 49, 12977875, 185193, -343];0
[210, 50, -11, 44100, 2500, 121, 9261000, 125000, -1331];1
[185, 66, 12, 34225, 4356, 144, 6331625, 287496, 1728];0
[160, 78, 8, 25600, 6084, 64, 4096000, 474552, 512];0
[135, 86, 4, 18225, 7396, 16, 2460375, 636056, 64];0
[110, 90, 0, 12100, 8100, 0, 1331000, 729000, 0];0
[85, 90, -4, 7225, 8100, 16, 614125, 729000, -64];0
[60, 86, -8, 3600, 7396, 64, 216000, 636056, -512];0
[35, 78, -12, 1225, 6084, 144, 42875, 474552, -1728];0
[10, 66, -16, 100, 4356, 256, 1000, 287496, -4096];0
[-15, 50, -20, 225, 2500, 400, -3375, 125000, -8000];1
[-40, 62, 8, 1600, 3844, 64, -64000, 238328, 512];0
[-65, 70, 4, 4225, 4900, 16, -274625, 343000, 64];0
[-90, 74, 0, 8100, 5476, 0, -729000, 405224, 0];0
[-115, 74, -4, 13225, 5476, 16, -1520875, 405224, -64];0
[460, 166, -8, 211600, 27556, 64, 97336000, 4574296, -512];0
[435, 158, -12, 189225, 24964, 144, 82312875, 3944312, -1728];0
[410, 146, -16, 168100, 21316, 256, 68921000, 3112136, -4096];0
[385, 130, -20, 148225, 16900, 400, 57066625, 2197000, -8000];0
[360, 110, -24, 129600, 12100, 576, 46656000, 1331000, -13824];0
[335, 86, -28, 112225, 7396, 784, 37595375, 636056, -21952];0
[310, 58, -32, 96100, 3364, 1024, 29791000, 195112, -32768];1
[285, 78, 16, 81225, 6084, 256, 23149125, 474552, 4096];0
[260, 94, 12, 67600, 8836, 144, 17576000, 830584, 1728];0
[235, 106, 8, 55225, 11236, 64, 12977875, 1191016, 512];0
[210, 114, 4, 44100, 12996, 16, 9261000, 1481544, 64];0
[185, 118, 0, 34225, 13924, 0, 6331625, 1643032, 0];0
[160, 118, -4, 25600, 13924, 16, 4096000, 1643032, -64];0
[135, 114, -8, 18225, 12996, 64, 2460375, 1481544, -512];0
[110, 106, -12, 12100, 11236, 144, 1331000, 1191016, -1728];0
[85, 94, -16, 7225, 8836, 256, 614125, 830584, -4096];0
[60, 78, -20, 3600, 6084, 400, 216000, 474552, -8000];1
[35, 96, 14, 1225, 9216, 196, 42875, 884736, 2744];0
[10, 110, 10, 100, 12100, 100, 1000, 1331000, 1000];0
[-15, 120, 6, 225, 14400, 36, -3375, 1728000, 216];0
[-40, 126, 2, 1600, 15876, 4, -64000, 2000376, 8];0
[-65, 128, -2, 4225, 16384, 4, -274625, 2097152, -8];0
[-90, 126, -6, 8100, 15876, 36, -729000, 2000376, -216];0
[-115, 120, -10, 13225, 14400, 100, -1520875, 1728000, -1000];0
[460, 25, -14, 211600, 625, 196, 97336000, 15625, -2744];0
[435, 11, -18, 189225, 121, 324, 82312875, 1331, -5832];1
[410, 27, 12, 168100, 729, 144, 68921000, 19683, 1728];0
[385, 39, 8, 148225, 1521, 64, 57066625, 59319, 512];0
[360, 47, 4, 129600, 2209, 16, 46656000, 103823, 64];0
[335, 51, 0, 112225, 2601, 0, 37595375, 132651, 0];0
[310, 51, -4, 96100, 2601, 16, 29791000, 132651, -64];0
[285, 47, -8, 81225, 2209, 64, 23149125, 103823, -512];0
[260, 39, -12, 67600, 1521, 144, 17576000, 59319, -1728];1
[235, 54, 11, 55225, 2916, 121, 12977875, 157464, 1331];0
[210, 65, 7, 44100, 4225, 49, 9261000, 274625, 343];0
[185, 72, 3, 34225, 5184, 9, 6331625, 373248, 27];0
[160, 75, -1, 25600, 5625, 1, 4096000, 421875, -1];0
[135, 74, -5, 18225, 5476, 25, 2460375, 405224, -125];0
[110, 69, -9, 12100, 4761, 81, 1331000, 328509, -729];0
[85, 60, -13, 7225, 3600, 169, 614125, 216000, -2197];1
[60, 85, 21, 3600, 7225, 441, 216000, 614125, 9261];0
[35, 106, 17, 1225, 11236, 289, 42875, 1191016, 4913];0
[10, 123, 13, 100, 15129, 169, 1000, 1860867, 2197];0
[-15, 136, 9, 225, 18496, 81, -3375, 2515456, 729];0
[-40, 145, 5, 1600, 21025, 25, -64000, 3048625, 125];0
[-65, 150, 1, 4225, 22500, 1, -274625, 3375000, 1];0
[-90, 151, -3, 8100, 22801, 9, -729000, 3442951, -27];0
[-115, 148, -7, 13225, 21904, 49, -1520875, 3241792, -343];0
[460, 203, -11, 211600, 41209, 121, 97336000, 8365427, -1331];0
[435, 192, -15, 189225, 36864, 225, 82312875, 7077888, -3375];0
[410, 177, -19, 168100, 31329, 361, 68921000, 5545233, -6859];0
[385, 158, -23, 148225, 24964, 529, 57066625, 3944312, -12167];0
[360, 135, -27, 129600, 18225, 729, 46656000, 2460375, -19683];0
[335, 108, -31, 112225, 11664, 961, 37595375, 1259712, -29791];0
[310, 77, -35, 96100, 5929, 1225, 29791000, 456533, -42875];1
[285, 89, 8, 81225, 7921, 64, 23149125, 704969, 512];0
[260, 97, 4, 67600, 9409, 16, 17576000, 912673, 64];0
[235, 101, 0, 55225, 10201, 0, 12977875, 1030301, 0];0
[210, 101, -4, 44100, 10201, 16, 9261000, 1030301, -64];0
[185, 97, -8, 34225, 9409, 64, 6331625, 912673, -512];0
[160, 89, -12, 25600, 7921, 144, 4096000, 704969, -1728];0
[135, 77, -16, 18225, 5929, 256, 2460375, 456533, -4096];1
[110, 95, 14, 12100, 9025, 196, 1331000, 857375, 2744];0
[85, 109, 10, 7225, 11881, 100, 614125, 1295029, 1000];0
[60, 119, 6, 3600, 14161, 36, 216000, 1685159, 216];0
[35, 125, 2, 1225, 15625, 4, 42875, 1953125, 8];0
[10, 127, -2, 100, 16129, 4, 1000, 2048383, -8];0
[-15, 125, -6, 225, 15625, 36, -3375, 1953125, -216];0
[-40, 119, -10, 1600, 14161, 100, -64000, 1685159, -1000];0
[-65, 109, -14, 4225, 11881, 196, -274625, 1295029, -2744];0
[-90, 95, -18, 8100, 9025, 324, -729000, 857375, -5832];1
[-115, 111, 12, 13225, 12321, 144, -1520875, 1367631, 1728];0
[460, 128, 8, 211600, 16384, 64, 97336000, 2097152, 512];0
[435, 136, 4, 189225, 18496, 16, 82312875, 2515456, 64];0
[410, 140, 0, 168100, 19600, 0, 68921000, 2744000, 0];0
[385, 140, -4, 148225, 19600, 16, 57066625, 2744000, -64];0
[360, 136, -8, 129600, 18496, 64, 46656000, 2515456, -512];0
[335, 128, -12, 112225, 16384, 144, 37595375, 2097152, -1728];0
[310, 116, -16, 96100, 13456, 256, 29791000, 1560896, -4096];0
[285, 100, -20, 81225, 10000, 400, 23149125, 1000000, -8000];0
[260, 80, -24, 67600, 6400, 576, 17576000, 512000, -13824];1
[235, 98, 14, 55225, 9604, 196, 12977875, 941192, 2744];0
[210, 112, 10, 44100, 12544, 100, 9261000, 1404928, 1000];0
[185, 122, 6, 34225, 14884, 36, 6331625, 1815848, 216];0
[160, 128, 2, 25600, 16384, 4, 4096000, 2097152, 8];0
[135, 130, -2, 18225, 16900, 4, 2460375, 2197000, -8];0
[110, 128, -6, 12100, 16384, 36, 1331000, 2097152, -216];0
[85, 122, -10, 7225, 14884, 100, 614125, 1815848, -1000];0
[60, 112, -14, 3600, 12544, 196, 216000, 1404928, -2744];0
[35, 98, -18, 1225, 9604, 324, 42875, 941192, -5832];0
[10, 80, -22, 100, 6400, 484, 1000, 512000, -10648];0
[-15, 58, -26, 225, 3364, 676, -3375, 195112, -17576];1
[-40, 75, 13, 1600, 5625, 169, -64000, 421875, 2197];0
[-65, 88, 9, 4225, 7744, 81, -274625, 681472, 729];0
[-90, 97, 5, 8100, 9409, 25, -729000, 912673, 125];0
[-115, 102, 1, 13225, 10404, 1, -1520875, 1061208, 1];0
[460, 73, -3, 211600, 5329, 9, 97336000, 389017, -27];0
[435, 70, -7, 189225, 4900, 49, 82312875, 343000, -343];0
[410, 63, -11, 168100, 3969, 121, 68921000, 250047, -1331];0
[385, 52, -15, 148225, 2704, 225, 57066625, 140608, -3375];0
[360, 37, -19, 129600, 1369, 361, 46656000, 50653, -6859];1
[335, 51, 10, 112225, 2601, 100, 37595375, 132651, 1000];0
[310, 61, 6, 96100, 3721, 36, 29791000, 226981, 216];0
[285, 67, 2, 81225, 4489, 4, 23149125, 300763, 8];0
[260, 69, -2, 67600, 4761, 4, 17576000, 328509, -8];0
[235, 67, -6, 55225, 4489, 36, 12977875, 300763, -216];0
[210, 61, -10, 44100, 3721, 100, 9261000, 226981, -1000];0
[185, 51, -14, 34225, 2601, 196, 6331625, 132651, -2744];1
[160, 62, 7, 25600, 3844, 49, 4096000, 238328, 343];0
[135, 69, 3, 18225, 4761, 9, 2460375, 328509, 27];0
[110, 72, -1, 12100, 5184, 1, 1331000, 373248, -1];0
[85, 71, -5, 7225, 5041, 25, 614125, 357911, -125];0
[60, 66, -9, 3600, 4356, 81, 216000, 287496, -729];0
[35, 57, -13, 1225, 3249, 169, 42875, 185193, -2197];0
[10, 44, -17, 100, 1936, 289, 1000, 85184, -4913];0
[-15, 27, -21, 225, 729, 441, -3375, 19683, -9261];1
[-40, 46, 15, 1600, 2116, 225, -64000, 97336, 3375];0
[-65, 61, 11, 4225, 3721, 121, -274625, 226981, 1331];0
[-90, 72, 7, 8100, 5184, 49, -729000, 373248, 343];0
[-115, 79, 3, 13225, 6241, 9, -1520875, 493039, 27];0
[460, 57, -1, 211600, 3249, 1, 97336000, 185193, -1];0
[435, 56, -5, 189225, 3136, 25, 82312875, 175616, -125];0
[410, 51, -9, 168100, 2601, 81, 68921000, 132651, -729];0
[385, 42, -13, 148225, 1764, 169, 57066625, 74088, -2197];1
[360, 54, 8, 129600, 2916, 64, 46656000, 157464, 512];0
[335, 62, 4, 112225, 3844, 16, 37595375, 238328, 64];0
[310, 66, 0, 96100, 4356, 0, 29791000, 287496, 0];0
[285, 66, -4, 81225, 4356, 16, 23149125, 287496, -64];0
[260, 62, -8, 67600, 3844, 64, 17576000, 238328, -512];0
[235, 54, -12, 55225, 2916, 144, 12977875, 157464, -1728];0
[210, 42, -16, 44100, 1764, 256, 9261000, 74088, -4096];1
[185, 59, 13, 34225, 3481, 169, 6331625, 205379, 2197];0
[160, 72, 9, 25600, 5184, 81, 4096000, 373248, 729];0
[135, 81, 5, 18225, 6561, 25, 2460375, 531441, 125];0
[110, 86, 1, 12100, 7396, 1, 1331000, 636056, 1];0
[85, 87, -3, 7225, 7569, 9, 614125, 658503, -27];0
[60, 84, -7, 3600, 7056, 49, 216000, 592704, -343];0
[35, 77, -11, 1225, 5929, 121, 42875, 456533, -1331];0
[10, 66, -15, 100, 4356, 225, 1000, 287496, -3375];0
[-15, 51, -19, 225, 2601, 361, -3375, 132651, -6859];0
[-40, 32, -23, 1600, 1024, 529, -64000, 32768, -12167];1
[-65, 48, 12, 4225, 2304, 144, -274625, 110592, 1728];0
[-90, 60, 8, 8100, 3600, 64, -729000, 216000, 512];0
[-115, 68, 4, 13225, 4624, 16, -1520875, 314432, 64];0
[460, 79, 0, 211600, 6241, 0, 97336000, 493039, 0];0
[435, 79, -4, 189225, 6241, 16, 82312875, 493039, -64];0
[410, 75, -8, 168100, 5625, 64, 68921000, 421875, -512];0
[385, 67, -12, 148225, 4489, 144, 57066625, 300763, -1728];0
[360, 55, -16, 129600, 3025, 256, 46656000, 166375, -4096];1
[335, 77, 18, 112225, 5929, 324, 37595375, 456533, 5832];0
[310, 95, 14, 96100, 9025, 196, 29791000, 857375, 2744];0
[285, 109, 10, 81225, 11881, 100, 23149125, 1295029, 1000];0
[260, 119, 6, 67600, 14161, 36, 17576000, 1685159, 216];0
[235, 125, 2, 55225, 15625, 4, 12977875, 1953125, 8];0
[210, 127, -2, 44100, 16129, 4, 9261000, 2048383, -8];0
[185, 125, -6, 34225, 15625, 36, 6331625, 1953125, -216];0
[160, 119, -10, 25600, 14161, 100, 4096000, 1685159, -1000];0
[135, 109, -14, 18225, 11881, 196, 2460375, 1295029, -2744];0
[110, 95, -18, 12100, 9025, 324, 1331000, 857375, -5832];0
[85, 77, -22, 7225, 5929, 484, 614125, 456533, -10648];0
[60, 55, -26, 3600, 3025, 676, 216000, 166375, -17576];1
[35, 70, 11, 1225, 4900, 121, 42875, 343000, 1331];0
[10, 81, 7, 100, 6561, 49, 1000, 531441, 343];0
[-15, 88, 3, 225, 7744, 9, -3375, 681472, 27];0
[-40, 91, -1, 1600, 8281, 1, -64000, 753571, -1];0
[-65, 90, -5, 4225, 8100, 25, -274625, 729000, -125];0
[-90, 85, -9, 8100, 7225, 81, -729000, 614125, -729];0
[-115, 76, -13, 13225, 5776, 169, -1520875, 438976, -2197];0
[460, 28, -17, 211600, 784, 289, 97336000, 21952, -4913];0
[435, 11, -21, 189225, 121, 441, 82312875, 1331, -9261];1
[410, 18, 3, 168100, 324, 9, 68921000, 5832, 27];0
[385, 21, -1, 148225, 441, 1, 57066625, 9261, -1];0
[360, 20, -5, 129600, 400, 25, 46656000, 8000, -125];0
[335, 15, -9, 112225, 225, 81, 37595375, 3375, -729];1
[310, 30, 11, 96100, 900, 121, 29791000, 27000, 1331];0
[285, 41, 7, 81225, 1681, 49, 23149125, 68921, 343];0
[260, 48, 3, 67600, 2304, 9, 17576000, 110592, 27];0
[235, 51, -1, 55225, 2601, 1, 12977875, 132651, -1];0
[210, 50, -5, 44100, 2500, 25, 9261000, 125000, -125];1
[185, 66, 12, 34225, 4356, 144, 6331625, 287496, 1728];0
[160, 78, 8, 25600, 6084, 64, 4096000, 474552, 512];0
[135, 86, 4, 18225, 7396, 16, 2460375, 636056, 64];0
[110, 90, 0, 12100, 8100, 0, 1331000, 729000, 0];0
[85, 90, -4, 7225, 8100, 16, 614125, 729000, -64];0
[60, 86, -8, 3600, 7396, 64, 216000, 636056, -512];0
[35, 78, -12, 1225, 6084, 144, 42875, 474552, -1728];0
[10, 66, -16, 100, 4356, 256, 1000, 287496, -4096];0
[-15, 50, -20, 225, 2500, 400, -3375, 125000, -8000];0
[-40, 30, -24, 1600, 900, 576, -64000, 27000, -13824];0
[-65, 6, -28, 4225, 36, 784, -274625, 216, -21952];1
[-90, 20, 10, 8100, 400, 100, -729000, 8000, 1000];0
[-115, 30, 6, 13225, 900, 36, -1520875, 27000, 216];0
[460, 57, 2, 211600, 3249, 4, 97336000, 185193, 8];0
[435, 59, -2, 189225, 3481, 4, 82312875, 205379, -8];0
[410, 57, -6, 168100, 3249, 36, 68921000, 185193, -216];0
[385, 51, -10, 148225, 2601, 100, 57066625, 132651, -1000];0
[360, 41, -14, 129600, 1681, 196, 46656000, 68921, -2744];1
[335, 55, 10, 112225, 3025, 100, 37595375, 166375, 1000];0
[310, 65, 6, 96100, 4225, 36, 29791000, 274625, 216];0
[285, 71, 2, 81225, 5041, 4, 23149125, 357911, 8];0
[260, 73, -2, 67600, 5329, 4, 17576000, 389017, -8];0
[235, 71, -6, 55225, 5041, 36, 12977875, 357911, -216];0
[210, 65, -10, 44100, 4225, 100, 9261000, 274625, -1000];0